678
475
444
146
457
416
684
130
141
617
445
682
683
488
82
38
454
22
104
482
44
103
481
147
462
144
76
116
102
74
25
41
389
1282
700
101
137
24
473
451
1287
647
493
105
69
119
674
26
118
404
505
131
30
1232
478
139
127
834
737
479
1227
145
95
70
65
712
107
453
1165
733
140
133
395
490
1228
458
862
414
487
734
486
75
472
117
466
418
55
492
708
397
694
635
126
463
484
655
37
86
1251
1288
121
405
98
43
709
52
690
77
56
122
1284
42
419
34
106
109
888
477
47
872
1229
1283
726
869
464
64
452
459
687
632
476
81
456
115
455
867
868
99
504
500
114
620
134
420
135
128
1258
751
400
898
839
894
72
480
1246
447
631
893
501
857
474
138
691
91
497
88
499
689
93
756
1261
46
79
71
450
448
841
624
685
449
136
1190
23
1152
40
485
421
660
619
78
125
916
94
1177
73
33
840
766
90
21
96
622
895
657
83
97
1257
943
399
39
87
621
1173
884
32
465
844
926
1275
1256
120
921
623
406
686
618
92
950
461
85
790
498
763
491
786
53
762
761
58
656
742
922
31
45
1148
35
815
692
953
496
716
741
811
460
1235
1237
407
740
1174
720
1236
1293
1149
715
1290
787
949
779
1291
878
132
874
911
48
1240
745
638
1295
142
812
1265
713
143
717
923
1294
948
51
642
1289
661
637
738
1233
804
693
108
640
813
939
902
1269
495
788
1262
847
1292
710
113
846
966
845
417
1238
641
489
829
1230
1285
870
60
743
636
711
851
54
688
714
663
901
123
957
639
664
633
773
494
875
848
84
735
770
1286
1153
634
718
1231
129
739
736
871
1234
1264
381
668
1179
1155
1266
1259
665
352
59
320
1181
68
662
351
62
769
767
350
960
1157
1260
80
470
929
793
744
1184
61
471
873
842
899
931
876
764
666
903
1180
843
1156
954
1239
89
27
36
818
719
1154
820
795
667
1159
313
897
896
765
849
905
819
309
658
100
823
1158
1175
956
951
771
952
1182
311
28
659
850
798
1267
932
1263
816
1176
877
333
794
49
927
308
50
768
791
796
1150
904
1151
930
924
1178
821
900
955
925
1183
307
1268
503
814
792
789
817
7
928
933
797
822
958
112
772
29
959
339
63
124
314
483
315
552
57
551
334
310
469
1370
1431
940
805
861
562
891
1493
936
1562
1442
1685
1205
961
353
1566
1055
1272
13
155
1254
1400
66
1026
1677
1162
1651
975
340
1520
213
1001
540
1348
382
1191
432
364
370
750
427
365
533
265
530
1482
601
219
1210
343
1425
411
294
514
1160
859
830
1347
1341
730
723
156
1679
808
545
596
1373
1319
579
223
1656
1630
1068
210
600
1244
111
967
1079
1120
1278
605
258
1453
185
1169
336
288
1062
587
1628
177
580
234
573
1336
731
571
1074
1678
1537
1455
222
1600
246
838
227
1526
746
394
241
1280
18
271
1564
1654
391
578
890
1101
200
270
230
261
681
1541
1296
1131
546
553
1127
1489
727
1499
724
806
150
695
396
1166
977
1030
606
522
1331
856
910
362
725
1038
1449
1213
1452
1463
502
1087
290
1435
507
672
1546
199
229
276
1625
426
909
963
442
783
250
973
251
757
645
1091
1567
1171
175
178
937
1249
1536
170
887
1428
1102
1281
1681
423
240
1620
212
590
1243
629
699
1539
174
649
1384
886
1624
706
1368
1652
1481
585
204
1519
1022
1465
386
917
654
1583
582
697
1486
997
608
371
1029
1374
1103
1365
1208
599
1309
1403
980
1569
1080
10
201
226
962
249
375
784
413
1553
430
272
436
1371
511
1547
1211
189
965
1110
181
1025
704
1315
1447
379
1568
1057
1578
835
1164
1648
384
802
583
1591
225
1066
670
355
554
235
833
753
325
883
1012
520
1617
183
1430
675
775
434
1209
680
630
207
1093
885
1056
941
1366
703
1245
853
913
1219
321
1138
1298
581
361
1607
1000
1276
275
17
1688
968
303
1456
1032
262
1434
837
1242
1646
1273
255
1515
541
424
1125
1076
1161
755
431
1310
780
412
0
1124
1050
1483
1544
908
915
1122
515
1507
1044
1594
197
974
161
335
759
256
1107
211
1511
564
295
393
245
1193
1340
316
1002
1344
1163
1274
906
1487
1328
831
880
1277
855
439
190
202
195
947
228
517
1517
171
1167
732
1248
168
205
425
1389
1049
1005
1621
722
1531
1436
233
359
999
429
1071
259
1322
1054
1204
852
1675
1098
1084
920
346
810
1659
983
1349
854
319
1145
1123
1471
153
218
1694
1476
1372
1404
267
889
1301
1313
1130
669
826
347
254
1376
1375
1395
208
942
892
914
1571
1459
1085
650
337
159
864
701
1342
1241
187
363
521
1247
1207
1572
721
1095
1113
1226
1081
157
1077
2
1253
1104
671
807
1129
217
1003
1188
1225
373
1006
203
1053
1140
996
588
1649
327
1612
1588
565
344
236
1168
1534
679
1255
398
1212
1460
584
747
224
982
304
1401
946
232
1413
184
1657
1683
643
1048
1070
1203
881
1503
1513
214
342
1023
1146
1186
781
16
1318
603
749
392
1073
1317
589
1468
572
1565
1134
345
613
698
160
1424
1028
1623
1512
513
1343
244
1303
1492
1300
257
221
1687
1484
182
1407
317
172
299
1461
360
1684
912
969
1133
598
508
652
1398
1410
938
1020
1206
1508
158
8
809
728
1655
1
376
1135
561
1377
865
305
331
803
248
428
1312
673
1337
1595
776
1514
919
1201
169
1426
209
1051
560
1418
1466
644
468
312
438
1195
1128
1189
1560
604
1355
1658
1397
1516
1126
1252
1097
576
277
832
247
1047
1144
357
341
777
509
799
866
1601
349
1100
550
1092
9
387
1170
1185
879
944
4
1490
1096
260
231
441
1454
934
1686
945
12
1187
180
1619
238
1121
543
326
1542
801
752
1561
1394
524
165
998
1321
191
164
774
433
607
1676
556
1117
380
1106
266
422
188
882
825
1399
348
542
446
1462
1682
1105
1192
1172
1311
206
176
1598
154
696
1314
332
110
15
1627
1297
402
1378
338
646
1491
506
1345
282
1589
330
1250
800
20
1670
1543
322
1021
1320
1072
1369
274
179
510
1427
1108
1118
1223
1402
377
1078
378
1046
239
67
778
166
1458
705
243
283
1271
1302
586
1599
186
981
1360
782
754
1629
1665
1270
1538
653
385
563
1618
1429
1099
383
1653
1593
1448
1031
1147
173
1596
1510
516
1224
828
628
369
390
1114
978
979
1132
648
935
707
1396
148
443
1540
388
1004
1433
531
1075
467
1052
151
1545
293
758
1082
318
1367
435
1393
324
760
1488
403
1559
1024
729
1405
972
1626
306
1464
415
591
1043
1509
1045
748
1202
273
1570
1457
597
1339
860
824
555
907
1069
1535
1590
1143
627
328
1423
577
437
863
918
1094
196
785
518
440
1033
1622
1338
602
976
1450
1592
1027
1316
1616
1116
519
1109
1518
1406
512
1480
252
323
1650
544
1485
858
242
192
625
1141
263
1346
995
964
1641
374
1304
1299
626
677
1636
264
152
1680
1647
1279
1558
1111
358
301
368
836
1200
1432
280
401
1597
559
1009
1446
593
994
19
676
595
702
1563
1477
827
1139
1451
215
1088
302
329
198
1119
651
14
1067
1137
1469
149
1504
298
1115
594
611
538
1422
1136
216
167
592
1112
609
1090
408
1551
539
1533
1479
1142
1086
614
1083
1089
1575
1472
1308
1573
286
1576
193
548
279
610
1474
971
1364
1496
1548
612
281
1470
1497
1016
1494
1550
1467
1439
1523
1505
287
575
993
1671
1669
1065
1064
1672
1668
1667
1019
1666
1063
1674
1061
1664
1574
1663
1662
1577
1579
1661
1673
990
1557
992
1696
3
5
6
1695
970
11
1693
984
985
1552
1692
1691
1554
986
1690
1689
987
1555
1556
988
989
991
1660
1581
1007
1580
1634
1633
1013
1036
1632
1035
1034
1602
1631
1603
1014
1604
1605
1015
1606
1608
1609
1610
1611
1017
1613
1614
1615
1037
1635
1637
1643
1060
1018
1008
1010
1582
1011
1584
1585
1645
1644
1642
1638
1586
1587
1059
1058
1042
1640
1041
1040
1039
1639
367
615
1549
296
1379
1363
1362
1361
1359
1358
1357
1356
1354
1353
1352
300
1351
297
1350
1381
292
291
289
1473
285
284
1335
1334
278
1333
1475
1332
1330
1329
1380
1382
1532
1415
372
1437
1438
1421
356
354
1440
1441
1443
1444
1420
1419
1417
1416
1414
1383
1445
1412
1411
1409
409
410
1408
1392
1391
1390
1388
1387
1386
1385
1478
269
268
1521
568
569
570
574
1222
1221
194
1220
1218
1217
366
616
1216
1215
1522
1327
1214
1524
1525
1199
1198
1197
1196
1194
163
162
1527
1528
1529
1530
567
566
558
557
1326
1325
1324
1323
253
1307
1306
523
525
526
527
528
529
1305
532
534
237
535
1495
536
537
1498
1500
1501
1502
547
220
549
1506
1697
