1.423312726352468953e-10
1.222932972116472220e-10
1.312825623644973472e-10
0.000000000000000000e+00
1.159656245263439372e-10
0.000000000000000000e+00
0.000000000000000000e+00
2.727920127747966894e-08
1.230917690314078331e-10
1.165290618098623243e-10
1.539815499448771985e-10
0.000000000000000000e+00
1.147115658777225137e-10
2.043880533388142244e-10
6.657197870822289028e-11
1.103582169812535724e-10
1.273881930452044862e-10
1.443612061600136606e-10
1.701786052877911438e-10
8.011637609303605905e-11
1.094185823260551498e-10
1.586923722165472345e-04
2.127734297565225460e-02
2.169375316754727182e-04
6.944507143833697493e-03
1.239531897609196139e-02
5.667136168761497533e-03
6.656090760531537783e-07
2.438744572711107824e-07
7.190537591050467766e-09
4.905776451972306516e-03
5.803997546274622003e-05
1.080205014902977197e-04
1.746989986698860861e-04
9.350587717787481193e-04
5.391825245161948569e-05
6.601914884021557673e-07
1.451468443556435100e-03
2.418738848517154941e-02
1.325754432320580003e-04
2.153497318595947786e-04
1.176990365560513611e-02
9.518602037121227022e-04
1.109437486636345380e-03
1.971644580377312703e-02
5.789342002901341793e-05
2.836091317244720839e-04
8.022542693491485286e-04
2.231339098747490778e-05
1.519592065205664354e-07
1.364779779575997401e-07
1.371771432844488146e-05
1.060783948108902624e-03
7.086187017179861514e-05
3.965191975087477291e-06
1.746238667162639804e-03
1.009232878367434224e-03
1.493137607951126747e-09
6.806544606792919606e-05
1.533148849996026302e-06
4.727586077477245104e-06
9.017592901885817360e-07
1.384147888982613784e-06
3.557219247973763615e-09
6.339047186497199409e-04
3.278385290009698094e-03
1.957418412759313584e-10
1.064754674753117876e-10
1.461334522238327929e-06
5.815860066982971206e-03
3.351833376267163503e-03
2.678501476968160188e-04
3.742347871190360013e-04
1.787062693153501245e-04
1.243366584297613854e-02
1.930231586995578147e-03
1.459343002891643967e-02
1.011259906893686479e-03
1.870250797115271526e-04
2.717746820525313869e-04
1.206070750011644129e-06
5.579788538117014512e-04
2.552953228961246657e-02
1.450022114845514747e-04
3.102723195205276240e-06
7.718793946907186393e-05
1.443623011586037900e-03
1.230469760083842748e-04
3.162816108579447560e-04
6.738718274242790102e-07
1.717695720692177905e-04
3.194942063919405670e-04
8.195530288274856918e-05
2.862197875595235558e-04
1.792557795738338356e-04
3.392755690357867997e-03
1.573922444793649346e-04
1.445064837514696565e-04
1.114650977955509992e-03
5.047724979651336576e-04
3.189509231389297554e-07
8.251009867542884874e-03
1.248813047612796698e-02
1.929801167893230307e-02
2.081634621312306033e-02
5.853308799496298800e-03
8.880481848814704903e-04
3.135377053813745082e-03
9.195699298727412092e-06
8.842494536421063389e-04
1.103614930087577326e-10
1.780820826272732571e-10
1.335042917064005954e-08
6.484475886791919379e-06
4.716218014218422766e-04
5.445832955675538982e-04
1.382534428894871201e-02
1.830034849133329970e-03
5.502434668605733770e-03
5.787541776704298313e-03
9.717746652545721702e-05
1.240181439854859272e-03
9.971983700768440907e-04
3.662174970773829295e-06
3.175808122054821194e-09
1.839568422104663644e-04
1.654037966051570465e-03
4.153594892900585971e-03
4.300816533013278754e-04
2.355067943829816136e-06
4.934578766258058968e-02
5.000771574526986958e-03
2.361443423186681433e-05
2.560521952368409893e-03
4.501167558025850391e-04
4.422857848476731781e-04
2.317447535537515795e-04
7.758231813057370543e-03
3.293628634147613269e-04
4.251417925055986195e-03
2.790957375391482382e-03
4.662724227494949997e-02
1.859786166283281244e-05
1.681154454808439849e-05
1.648389880764825066e-02
3.494881550270975083e-03
7.428625021642509818e-02
1.868705349037464922e-02
1.014030408504174250e-10
6.433904940420898721e-11
1.659270276667591291e-10
1.001167839169088970e-10
8.546353523248466869e-11
1.345379585873443814e-10
1.106260853706279593e-10
1.973046183232440338e-10
1.824197294626117376e-10
1.315493486579967277e-10
1.231071769462994031e-10
1.331243685452565115e-10
1.259565429187390934e-10
1.416687749981398881e-10
0.000000000000000000e+00
0.000000000000000000e+00
1.136017458639687657e-10
1.137969345106476062e-10
1.064423761274963572e-10
5.302857291624758837e-11
1.384060880620798860e-10
1.201285417137415617e-10
1.586657078869087557e-10
1.386227640341188233e-10
1.243445489777910176e-10
1.029667783233887376e-10
1.570446456102319927e-10
1.589380333958713136e-10
1.110374994869265844e-10
1.748565257661510023e-10
1.589202768174442153e-10
1.088695472836690265e-10
1.145904858084713808e-10
1.512620997067001598e-10
1.245396558027645980e-10
1.475430894277242458e-10
1.285597521641202128e-10
1.767602253886157456e-10
1.054221929274346393e-10
1.326978743311935451e-10
1.125276209000007282e-10
1.513675902774049523e-10
1.391606874915558045e-10
1.136365920721443974e-10
9.040740743388474021e-11
1.561791760027448178e-11
0.000000000000000000e+00
1.388632273721282732e-10
9.541388205679423550e-11
1.418222566309714241e-10
6.951070272535142758e-11
1.620636853757887291e-10
1.685558689828119339e-10
1.538886786946815270e-10
1.391198488667183430e-10
1.306686299538031748e-10
1.562963394062045453e-10
1.383826214273918395e-10
1.113649853285614311e-10
1.462147509977886757e-10
1.336337468368546827e-10
1.200110694118319506e-10
1.784235795725723205e-10
1.414828983482850865e-10
1.574105909407118952e-10
1.934201690429051637e-10
1.277205058748346170e-10
7.294931650309309367e-11
5.744977917638254709e-11
1.309492104346019285e-10
1.344698412980129159e-10
1.884187585972095139e-10
0.000000000000000000e+00
1.246330944222543021e-10
1.714711511750198910e-10
1.795288071401879487e-10
1.288992990887511076e-10
1.491064572375449004e-10
1.537204634784628013e-10
1.709890053741332577e-10
1.386793762258861792e-10
1.619790766354694103e-10
1.678589987524908101e-10
1.154072875900205216e-10
1.286024492714754415e-10
1.375566373656692568e-10
1.746531847486978342e-10
1.481985533450894386e-10
1.295727490752834154e-10
0.000000000000000000e+00
1.145128472855919738e-10
1.065345597023363311e-10
1.576351413061560020e-10
1.704843723518486722e-10
9.060189588694797038e-11
1.063309025384770399e-10
1.252574283057514199e-10
1.411041722807038835e-10
1.711422648315146558e-10
1.178350784585804199e-10
1.212049902526163099e-10
1.532323177524347987e-10
1.603901259022339561e-10
1.602274210123760207e-10
9.179694124643043690e-11
0.000000000000000000e+00
1.337042560518125924e-10
1.426233473839584422e-10
1.415155547145001036e-10
1.246887048549020322e-10
1.773633251520024465e-10
1.368656154157195953e-10
1.158112745124975820e-10
1.677446061011750620e-10
1.434086514143510303e-10
8.981414292601090932e-11
8.575659689943868663e-11
1.898198351188858730e-10
1.129130209811089332e-10
1.343112783640492449e-10
0.000000000000000000e+00
0.000000000000000000e+00
1.680660347216390541e-10
1.700467207328381985e-10
1.521932757936284902e-10
9.805580921881483648e-11
1.088925699721279509e-10
1.443664394641785343e-10
1.618803597186080338e-10
1.179241076759319728e-10
0.000000000000000000e+00
1.303977234947484575e-11
8.252766191920574689e-11
8.271267824695460322e-12
1.095069625175169126e-10
1.063258333299002832e-10
0.000000000000000000e+00
0.000000000000000000e+00
1.924650362240423787e-11
5.126696088002307592e-14
1.757830219070097893e-10
0.000000000000000000e+00
1.628980954539226441e-10
0.000000000000000000e+00
0.000000000000000000e+00
1.000550134623156500e-10
1.852179824759960100e-10
1.412228299239478480e-10
0.000000000000000000e+00
0.000000000000000000e+00
6.261080998459022605e-11
1.242254195265876424e-10
0.000000000000000000e+00
8.318979761575201195e-11
7.048061650858706759e-11
1.437563829022632234e-10
1.288161378853401600e-10
1.213544818403655564e-10
9.848830450134687064e-11
5.877821877865701527e-08
1.386132739379850517e-07
3.589508199745723139e-07
4.757543974617369325e-10
2.471858719800403432e-07
1.194358726875393662e-10
4.716721516363512447e-07
2.625167210651071506e-09
1.973188619426531337e-09
1.409516538558181543e-10
1.243622105083437358e-10
9.993649269765363833e-11
1.351447059277344520e-10
1.488103822154904206e-06
1.450602385499450683e-10
1.093519494101225291e-10
9.166896807545921914e-11
9.937086730002399621e-11
1.480145170488839488e-10
1.142840011754911050e-10
1.300560830062378807e-10
9.627828746411057140e-11
7.039152454578183603e-11
1.094775070901708891e-10
1.212846437179463641e-10
1.103821967807777436e-10
1.583266702078951110e-07
1.425245289180190728e-09
1.416685755783777367e-10
1.764407442697475818e-10
1.331494171002061262e-10
1.101749079832023354e-10
3.753267115574092582e-09
1.940507623118189718e-10
1.176170712739122253e-10
1.276958410693329920e-10
1.878158816006179344e-10
1.295791813287175871e-10
1.262293669309130897e-10
1.357809660539531887e-10
1.339952863057558189e-10
1.120601998542903364e-10
1.168692063852338051e-10
1.316823406906316600e-06
1.395038127835897970e-06
1.617098834804138087e-06
2.121730189987750170e-10
0.000000000000000000e+00
1.486420947189777341e-10
0.000000000000000000e+00
1.176363180978167451e-10
8.370073002281881171e-11
1.374225922518725665e-10
1.241769528917878930e-10
1.448806942640564675e-10
1.641989198431920006e-10
1.326221408727783987e-10
1.912218257986090704e-10
1.901961985210584796e-10
0.000000000000000000e+00
0.000000000000000000e+00
8.306414719733897131e-11
1.020557313513909564e-10
1.908716870983909952e-10
1.551933788279858027e-10
0.000000000000000000e+00
1.307325547888725195e-10
8.790737415984831669e-11
1.530686711664155913e-10
1.218904310288512086e-10
1.070967249950996400e-10
1.067454055280110952e-10
1.505341983315727145e-10
1.130961014811821491e-10
2.034617703334170085e-06
1.918749783463291197e-10
1.038553636645167818e-10
1.496893924364085101e-10
1.045803419966248375e-10
1.558359162935266911e-10
1.165229246376895963e-10
1.008038809981357302e-10
1.109223187145593967e-02
1.019314059433827322e-10
1.699032394440926349e-10
1.267703909461742379e-10
1.411727622203674231e-10
1.706515068064790253e-10
2.503204905417553191e-03
1.658415581096984444e-10
1.694488140595406698e-03
1.292335148349787562e-10
1.336114556662801312e-04
3.959211566238650067e-04
8.250835274483679868e-11
1.102927614148618110e-10
9.925013094900760888e-11
5.456499856503559988e-03
1.142814948873240423e-03
9.048782040375713900e-05
4.007316184415358524e-05
4.356105655437080964e-11
0.000000000000000000e+00
0.000000000000000000e+00
1.858073044266122459e-10
1.423324736110388231e-10
1.528665185267859188e-10
2.222578978499385044e-03
9.830668111090525954e-11
5.253428215897707615e-02
5.884901829911832601e-06
1.800210750416918063e-03
9.493315006499630912e-04
4.473035732548963210e-04
2.020210808454869441e-04
1.128926717923665528e-10
1.576389595169085620e-10
1.425626347328733166e-10
1.382446807861427794e-10
1.615388951810717043e-10
1.905355439717266388e-10
1.208922029855011725e-10
1.369829758750090679e-10
1.522633813181843861e-10
1.423834281497629807e-10
1.916045912606005735e-10
1.134567676457029794e-10
1.467816012935062183e-10
9.961648641978548989e-11
1.521485247320254904e-10
9.613283814708997244e-11
1.193006975542354117e-10
1.394695578909476109e-10
9.504641080649111241e-11
1.151956380192934863e-10
1.609972570727315352e-10
1.012722909227757369e-10
9.615454450927814201e-02
4.157598805241019546e-02
1.119973804143095018e-10
3.649659330637303645e-04
2.586078477966349777e-04
2.326413496303582861e-04
2.602979239392245992e-04
6.204292308586371874e-03
6.284460688342363320e-04
3.088482581424369187e-03
2.177671528348334995e-02
5.400318360221224682e-04
5.492669541746368405e-04
5.854440422744545958e-02
2.309795601208945379e-03
6.200160223715834619e-04
4.465583263981916533e-05
7.761613291589154675e-05
1.649760511400191060e-02
1.543966841468536041e-03
6.447637004995572518e-04
1.057554843210977189e-04
1.818992866803914848e-03
1.004379049728119466e-10
1.194615967758105097e-10
3.039812026240241001e-10
1.057678833363246513e-06
8.751904825667938886e-07
1.830790538746069349e-03
6.344435415330181537e-03
3.367568896144583924e-04
1.101184456225575148e-01
5.824662188487425302e-04
8.230765185206397874e-04
4.516141745605176984e-03
3.555761487076974404e-03
3.733200279417662614e-04
1.907696293831288858e-02
2.070322083626323015e-02
2.373264824648357270e-09
1.516823252716897148e-03
2.114123655071107580e-04
2.012088488784438255e-03
2.151135090672536086e-03
3.066919435605973410e-02
5.446615533290967668e-06
2.471393927489155904e-03
7.263983437072423887e-05
1.715807677841964165e-03
5.856403205007368329e-03
3.283099944396736011e-06
7.735161000625718540e-06
4.830985869986767592e-05
3.177595434988189529e-04
7.676593553547780911e-05
3.063768976935929314e-04
4.835907550285521001e-04
3.457986719152915519e-04
1.630294838598481433e-10
5.417690511611754527e-08
4.996737453914228046e-04
5.229248897834154822e-03
1.099595074168027726e-10
1.627453687791996862e-10
1.237559811442899167e-10
1.173038334245535068e-10
1.088072402769975516e-10
1.514166565592807108e-10
9.189227630231829421e-11
1.254036151178113804e-10
1.847958742331494964e-10
1.421574495493758789e-10
1.026851831553056426e-10
1.386367607229754907e-10
9.505138354417084819e-11
9.256622037238743078e-11
1.479134809573961620e-10
1.325195695091810314e-10
1.645050544957242847e-10
0.000000000000000000e+00
1.138347960515830594e-10
0.000000000000000000e+00
0.000000000000000000e+00
0.000000000000000000e+00
0.000000000000000000e+00
0.000000000000000000e+00
1.896854674849435976e-10
1.004702660113987959e-10
0.000000000000000000e+00
1.898376557914189425e-10
0.000000000000000000e+00
0.000000000000000000e+00
0.000000000000000000e+00
0.000000000000000000e+00
6.092793606635092353e-11
4.072672224482911713e-11
1.922882195214722892e-10
1.425802395043740790e-10
1.120250168673241967e-10
1.143140242616548703e-10
9.109578213567479309e-11
1.804651100815735852e-10
1.670404387899365792e-10
0.000000000000000000e+00
1.485519069501391383e-11
0.000000000000000000e+00
1.167282538499536574e-10
1.473702570011061535e-09
1.754619736506301938e-09
1.668254431816701561e-10
1.483290131869546175e-10
9.738904047962183478e-11
1.133176862092736040e-10
0.000000000000000000e+00
0.000000000000000000e+00
8.217220191443852187e-11
1.199340614785041883e-10
1.215995096038970031e-10
2.312924099887601846e-10
1.044691716444572766e-10
1.413915113942491326e-10
1.298295478629775347e-10
0.000000000000000000e+00
0.000000000000000000e+00
0.000000000000000000e+00
0.000000000000000000e+00
0.000000000000000000e+00
1.734491940881419034e-10
1.264120541774513501e-10
1.739942818755461419e-10
0.000000000000000000e+00
6.567839911457531616e-15
1.179641246269324921e-10
9.621864964238155586e-11
1.692444784281835707e-10
1.796585488418866868e-10
1.747074613710071112e-10
1.449444875182697587e-10
1.555945708210517122e-10
1.493536474083400860e-10
1.290468571336609854e-10
1.563066694914066348e-10
1.056980262200056979e-10
1.755818587597138514e-10
1.301844298725726405e-10
1.266356750156011234e-10
1.573839042624526810e-10
9.822299047166879460e-11
5.053346227850800344e-11
8.095133122497606755e-11
6.157099128323441971e-11
7.797763671788469926e-11
1.804549324924573877e-10
9.770404293795240382e-11
1.238147655818384950e-10
1.546775160234278390e-10
1.782338676413545437e-10
1.887429287655235999e-10
9.353814780372265322e-11
1.272296202571976428e-10
1.188559928998790385e-10
1.774344374475272493e-10
1.648484708141898576e-10
1.134478034326207965e-10
1.553272799348310683e-10
4.402905215503898327e-11
1.287132380004113759e-11
6.104927557572076959e-11
8.417670320429134234e-12
1.262112085211729731e-10
2.427882335641965832e-11
0.000000000000000000e+00
0.000000000000000000e+00
4.643595637337880055e-02
8.528569803958139920e-05
1.980069055769930061e-04
4.714520336202681619e-04
1.198618445209142564e-04
1.562741300726346039e-04
9.079805136491479723e-05
2.453271025968941873e-04
9.023491548622911534e-11
8.680912993586103296e-11
9.688451306936430952e-11
1.023490441169876287e-10
1.572578152595944733e-10
1.464303369609175378e-10
3.648242922538921231e-04
5.995818899177169552e-04
3.404654469340613225e-06
2.649496157192885215e-06
1.665545517784678461e-03
4.185393967957280654e-06
1.130664832870253872e-05
1.947699062864069352e-05
3.493100455909940517e-06
8.884895944880239976e-06
5.577752893929210700e-06
1.343386751816564782e-05
1.282468370503309413e-10
1.196429273861462142e-10
1.593849372414157087e-10
1.101390566719511540e-10
5.967317862918814289e-03
1.016699146865123568e-10
1.569838903284940429e-10
1.332749346257050456e-10
6.712420754662431853e-11
1.235000749576436074e-10
1.045912207824020988e-10
1.556301989782368022e-10
1.511564096827271858e-03
6.524940128534155611e-05
1.491557165536224177e-04
3.332022603684925631e-07
2.390964742312702607e-07
1.987960611066093817e-04
1.228447095705486854e-05
1.439429874793568531e-06
3.912875207930524780e-06
3.476199870865092977e-06
1.639977747333765953e-06
7.495807612688413493e-07
5.879530702211269902e-07
1.994568437911456679e-06
1.341032247284242245e-10
1.488426721960390565e-10
1.311098904074823542e-10
1.625536512480981079e-10
1.207207054479671159e-10
5.773856331079241233e-03
1.468390026078157902e-10
7.986408158849252184e-11
8.679840787811927820e-11
1.984506550689209281e-01
1.292672902748116132e-10
1.465598570149567928e-10
1.676189006770237795e-10
3.831792515911802699e-02
3.586695344601176921e-02
5.004710197941825839e-02
2.378209413572416925e-04
8.540154052802865863e-05
6.115598177835845743e-04
3.936467162989898202e-06
3.046513893498660626e-04
1.019562710298033614e-03
3.258556794234232870e-04
5.171929547909585265e-05
9.932441082611679470e-06
1.671770789031628169e-03
1.659140079693106031e-10
1.106226258762772569e-10
1.555939494371865130e-10
1.260605949521927764e-10
1.572420937780647517e-10
9.650082795301339472e-03
1.330321861493291972e-10
7.584699959636284969e-11
1.454449630538481327e-10
1.507218306168492435e-10
1.063839112711125439e-10
1.567191369582565781e-10
1.015588308213398960e-10
1.703678573609597891e-03
1.085884054908403196e-03
6.716500232864812147e-06
4.059818129638716717e-06
3.263943137464408398e-03
1.715191461091244285e-05
3.930151815012466092e-06
3.114500272459131211e-05
4.807722373959894468e-05
1.616520664688908941e-05
2.625198702033705590e-06
6.177156657278929983e-07
3.393231353869914706e-05
1.320330831272294622e-10
1.377907703536536410e-10
1.825811152209183656e-10
1.662431644391785732e-10
1.638838279904798427e-10
7.065467397478306533e-04
1.666100030042757116e-10
1.228182050958702975e-10
9.890597553963432433e-11
1.827724487464170212e-10
1.737711471609841406e-10
1.386027110659353803e-10
2.825114414429148648e-03
2.032196693966458086e-03
3.010239006221747966e-06
2.248067656686033696e-06
3.801787081174961332e-03
1.099483630638938141e-05
2.292813601382296874e-06
3.722799565910006977e-05
4.684572696994522963e-05
5.978154982129759690e-05
4.372137604176225698e-06
9.901212519038588654e-07
2.010798026187866018e-05
1.707820885271520914e-10
1.290373134333768229e-10
9.813998151977432333e-11
1.271677930592276289e-10
1.905680575978609989e-10
4.031459162928872041e-04
1.141117204138920252e-10
1.480444912706273639e-10
1.052821362324794755e-10
1.424320791945413102e-10
2.857259991126291296e-04
1.595694201913199473e-10
1.000071092138125437e-10
1.415516184696921078e-10
9.925622144715808181e-11
6.900741712821158169e-05
6.944578008711505880e-05
7.267641168195689613e-05
7.642860565784077342e-07
4.162981675939486183e-07
1.729578633456282824e-04
1.319134351384560358e-06
1.328640418670485816e-07
1.379391071724712694e-06
3.008172132421932920e-06
2.729713216521225823e-07
1.030200419238165486e-08
3.356258286218405792e-06
1.134926136729452812e-10
1.468241711518995450e-10
1.201824165729342348e-10
1.173243276581034593e-10
1.064521292740385385e-10
2.579564569123303128e-05
1.423570240734601018e-10
1.274511429991237611e-10
1.053692899011885947e-10
1.609232639034829850e-10
1.529157041918625029e-10
9.536360195580158714e-11
7.096507745279132787e-05
2.838510739242080264e-05
7.495001486455845091e-06
3.352888337703883722e-08
7.711327757889719649e-05
1.325055570818725270e-07
4.254017184471267322e-08
1.009020240215015438e-06
1.566438179965011827e-07
5.936996010044924090e-07
1.235975600543014936e-07
2.189938302701905673e-08
2.113420601560147273e-07
1.171861984508167689e-10
1.094400999323282945e-10
1.141731141608164927e-10
1.496635839253661084e-10
1.212655067668582229e-10
1.045755045395598446e-05
2.389266283717212293e-10
1.661429553627835425e-10
1.310908809299816890e-10
1.808796996528888631e-10
1.228257904727328317e-10
1.357484182042843766e-10
4.489373085600245920e-05
1.820440867280046206e-05
8.713635537472809922e-06
4.712284715006926934e-08
5.238632014396794531e-05
1.752924943381736401e-07
2.760907258700698037e-08
6.420355963311029651e-07
3.606713390986119989e-07
6.040600657508095228e-07
8.054559982417003243e-08
1.499597170515047316e-08
3.167495423706535779e-07
9.745450711999222280e-11
1.123473937834149703e-10
1.340477288387925470e-10
7.425820373665907207e-11
1.023962762356634193e-10
5.174973677872292867e-06
1.847082557473593204e-10
1.401189062454960696e-10
1.178812284214985364e-10
1.480723978356771724e-10
3.979702430811283241e-03
1.500601892358209427e-10
8.283120229272865511e-11
1.433368034162124581e-10
1.710056647319814982e-10
3.800790383849025336e-04
1.740899185732859501e-04
2.562118467893264879e-04
8.553716848732825875e-07
7.465781083227096777e-07
1.004911362781467371e-04
6.001490603945104069e-06
6.363122680728904262e-06
7.200410713532239001e-06
3.190838519519608634e-06
3.986152775207843625e-07
2.301567933972019966e-07
4.013037978864276703e-06
1.364993792248281596e-10
1.452968575284004356e-10
1.352255491242186081e-10
1.395926575151393233e-10
1.644024978809704708e-10
3.403312349807866509e-04
9.061082645322038367e-11
1.847201037219449350e-10
9.750858753895966078e-11
2.331106326644641434e-10
2.298332595974085773e-03
9.597120875581165532e-11
1.331066404384651189e-10
1.214694986603655826e-10
1.171454043210592337e-10
5.205770643576430618e-04
5.170428376769317267e-04
6.573304685798024788e-04
4.741979021196170823e-06
2.206128930748453194e-06
8.004059725476497453e-04
8.726195210239421249e-07
2.252269944594076386e-05
3.211276055071626512e-06
7.955984919092518410e-07
1.585905688095123673e-07
2.476762130553310595e-05
1.159737530006452166e-10
1.399842115453828206e-10
1.279658429248944396e-10
1.123845173434701352e-10
1.479935915362549964e-10
1.098532980620149635e-04
1.457982625045134773e-10
1.569040384206302987e-10
1.586004567257495596e-10
8.423640456466421336e-04
1.342224045197588292e-10
1.690926745430378038e-10
2.305855896281026750e-10
1.334191529746546290e-10
3.491724474220045805e-04
3.788094822363252787e-04
1.503755757554443070e-04
4.183974624762239386e-07
4.324318492436258915e-07
3.845958621763347746e-04
8.275364355836880175e-07
7.857791424968257164e-08
3.779243481490967646e-06
7.934584498783504318e-06
7.481131752059770481e-07
1.149900055016463337e-07
3.682101983287853840e-07
1.402678295511498520e-10
9.737941858247332022e-11
1.422672736614457611e-10
1.614319631064360250e-10
1.643933057773664539e-10
2.247399888653254642e-05
1.240722879100387772e-10
1.451853036811391364e-10
1.333852055722586782e-10
1.422530597786248924e-10
1.822650541166325930e-04
1.557030130981590065e-10
9.580981007898182544e-11
1.201403410758601342e-10
1.358198547908528133e-10
9.086153841492639537e-05
5.912927720139119078e-05
1.551917823114209647e-05
8.215935537200289972e-08
6.435450508515531973e-08
9.970934198803431707e-05
1.473403095373753873e-07
2.268572897023945613e-08
1.036091691726354206e-06
8.397399063040334276e-08
8.135182483070670645e-07
1.885545176343546787e-07
2.200541052126296319e-08
1.148683683313358939e-10
1.016219055153994520e-10
2.239543524782124390e-10
1.588618393865630746e-10
1.234089501579897053e-10
8.230142487612177656e-06
2.517750221263280224e-10
1.456408939190578306e-10
1.335753716772499025e-10
1.411141413476098229e-04
1.159684951872813211e-10
1.147960011793305262e-10
1.287772973966574834e-10
1.387855985680969155e-10
1.459252488411935001e-05
2.722369497236209207e-05
7.860303702575153020e-05
2.747954764844004602e-07
2.708797898155511975e-07
5.156680843834995605e-05
7.001779833455730868e-07
7.728142781555005883e-08
2.813289415737830981e-07
3.511295064922880133e-06
1.389025871846668348e-08
4.093659259090500563e-09
1.293781741251190318e-06
2.121739181635475940e-10
1.532955753846065064e-10
1.613280094363875150e-10
8.838055800799982693e-11
1.513614507982940485e-10
6.102300581383841761e-06
1.777993050696475239e-10
1.441025184601071875e-10
1.239612535573294785e-10
0.000000000000000000e+00
1.071029910997757937e-11
9.862468874494267425e-11
1.602403871738319842e-10
1.416867111514586818e-10
1.943974020102488534e-10
9.335333702947389281e-11
1.651173120817281006e-10
1.018824701544131966e-10
1.018699753693675356e-10
1.543089798552864198e-10
1.054189434816447688e-10
1.288867148978770093e-10
1.354802565508391115e-10
0.000000000000000000e+00
0.000000000000000000e+00
0.000000000000000000e+00
0.000000000000000000e+00
0.000000000000000000e+00
0.000000000000000000e+00
0.000000000000000000e+00
0.000000000000000000e+00
0.000000000000000000e+00
0.000000000000000000e+00
8.013461649915220257e-11
8.874462289663727657e-11
1.303513635973499133e-10
1.553437381830877200e-10
1.137232346424874816e-10
1.372797601738770680e-10
1.445694676451586987e-10
1.925113591960945690e-10
1.408750311186393777e-10
1.308917241274336226e-10
1.007676584945425018e-10
1.380628168482010391e-10
1.307237136521289095e-10
0.000000000000000000e+00
0.000000000000000000e+00
8.122782186861998561e-11
0.000000000000000000e+00
0.000000000000000000e+00
1.479451645728751167e-10
0.000000000000000000e+00
0.000000000000000000e+00
0.000000000000000000e+00
4.020758900463465597e-12
0.000000000000000000e+00
0.000000000000000000e+00
0.000000000000000000e+00
1.234042663576762853e-10
1.092626346006835952e-10
1.560299812438744919e-10
1.276874217139694215e-10
9.898428923446393540e-11
1.509510555649798433e-10
1.956373114588155931e-10
9.289779489053698970e-11
1.257171478978083379e-10
1.551234354908733018e-10
1.649577092317960221e-10
1.031220231855858930e-10
1.434211841558544170e-10
9.423931992477522328e-11
0.000000000000000000e+00
0.000000000000000000e+00
0.000000000000000000e+00
0.000000000000000000e+00
1.635995061006839799e-10
0.000000000000000000e+00
0.000000000000000000e+00
0.000000000000000000e+00
0.000000000000000000e+00
9.817298837040773151e-11
1.419632363994211682e-10
9.814756061012259591e-11
1.066099762602936083e-10
1.177302653215783616e-10
1.281714481878856145e-10
1.381508572449091602e-10
1.423299376648288886e-10
1.199692519506936845e-10
1.002840967385008030e-10
1.304739162127521993e-10
1.367862751447352574e-10
2.107535771648172486e-10
1.457205975777369229e-10
1.502466002654605858e-10
0.000000000000000000e+00
0.000000000000000000e+00
0.000000000000000000e+00
0.000000000000000000e+00
1.755855924090476367e-10
0.000000000000000000e+00
0.000000000000000000e+00
0.000000000000000000e+00
1.488695398167994935e-10
6.530631740582680773e-11
1.788444231943230276e-10
9.728843916706957605e-11
1.281607349423686120e-10
1.369531469772851456e-10
1.091300253174299239e-10
1.267445509283404810e-10
1.730540911957426784e-10
1.004423866797305100e-10
1.425284628507686519e-10
1.314964178816822033e-10
1.069329298882377510e-10
1.776340804157800742e-10
1.540291467068522983e-10
1.316155705552974301e-10
9.995316780078524102e-11
2.368786848308832636e-11
1.359502328473311309e-10
1.333667185782666693e-10
2.878589808144473183e-11
1.629649233606554553e-10
7.050910429698894684e-11
2.329153050231319695e-11
4.380516820263141441e-11
1.593296171019913042e-10
1.165312501922256541e-10
1.461080118685160125e-10
9.577743591200634638e-11
1.320259193802617372e-10
1.159359410094441588e-10
1.182588038056563659e-10
1.361502344136355514e-10
1.038586596446421159e-10
1.168281396214676351e-10
1.690796498638376871e-10
1.578711926361363837e-10
1.550568540690180232e-10
1.311731421964402887e-10
1.118460788539702958e-10
1.129376195209964148e-10
1.415002401271504674e-10
1.080568859715100888e-10
9.247886869502086040e-11
1.513047231786791836e-10
8.386429228548624495e-11
4.618619060376287920e-11
1.318361297876300720e-10
1.019019865898183709e-10
6.223151416540791713e-11
9.272991068134399084e-11
1.131275484785302603e-10
1.080185041912337869e-10
6.775661501884898852e-11
1.775915979459068687e-10
1.144375702257364525e-10
1.421899642990780920e-10
1.349705095087293924e-10
1.423309890818677553e-10
1.425328762196690082e-10
1.183827455306933970e-10
1.667862980288796883e-10
1.192128911039397833e-10
1.310884933116712236e-10
1.341338344219544041e-10
1.670937342786240652e-10
1.017791554889661894e-10
1.238266006059970169e-10
1.263137915578984771e-10
1.217753343613678866e-10
5.892566020915778692e-11
6.498193577148176343e-11
1.450005199257852066e-10
7.356661072433170764e-11
1.304339344348845897e-10
9.012658743468221380e-11
3.301113981321696619e-11
9.697940941617384869e-11
1.176850727020223001e-10
1.350124541861649995e-10
1.275677217470032638e-10
1.030709532960685174e-10
5.657843146149252333e-05
3.125279894850675695e-05
1.213070863340618103e-07
8.954936025674727906e-08
2.169142772513332372e-04
2.704862409319820628e-06
6.164406771158280501e-07
1.857439957012032518e-06
7.260096558769068397e-07
1.242938858279828052e-06
3.127749978623925487e-07
5.033412265526633287e-07
1.847710185007299113e-10
1.425254453312957084e-10
1.944925140144045578e-10
1.405168181392292134e-10
1.499626319929655130e-10
2.977578282033643657e-03
1.655213310541236812e-10
1.386187948270172932e-10
1.295372615442715450e-10
1.764730844522471275e-10
1.161690711048342969e-10
1.590210379183567585e-10
1.116190117021246841e-10
1.119749678899531985e-04
3.456296687412413184e-05
2.824684202145612278e-07
1.627643693533227765e-07
1.789881774684836627e-04
8.128754685921153460e-08
1.867181587502804377e-06
7.480454416043581774e-07
1.479598052049144126e-06
2.542110331401709161e-07
5.937988024889144105e-08
9.487856964796168609e-07
1.161307639189730632e-10
1.274999228746143988e-10
1.146307694209469603e-10
1.308514193862052425e-10
1.190131971346318536e-10
2.178591912933063523e-04
1.918382717103783128e-10
1.117911946736207359e-10
1.411037055449892608e-10
0.000000000000000000e+00
1.192929249022784958e-10
0.000000000000000000e+00
0.000000000000000000e+00
0.000000000000000000e+00
0.000000000000000000e+00
8.274662021933863533e-11
1.201355653904418414e-10
9.807352074326141388e-11
1.280790543014805229e-10
1.365140356170749389e-10
2.130370158642885141e-10
1.233226616292297764e-10
1.321403597056619669e-10
1.547485012890058839e-10
1.466757280683897618e-10
1.882882481598134399e-10
1.513716837284708870e-10
1.291854280291051698e-10
1.631483455638413779e-10
0.000000000000000000e+00
0.000000000000000000e+00
0.000000000000000000e+00
0.000000000000000000e+00
0.000000000000000000e+00
1.451134334950763479e-10
0.000000000000000000e+00
0.000000000000000000e+00
0.000000000000000000e+00
1.078214779602005497e-10
1.024921459105450545e-10
1.308213703816041848e-10
1.316535134997236519e-10
3.551000698109388776e-03
2.441437274192035690e-03
7.606647131804175881e-04
5.132322072469643764e-06
2.402389629648532508e-06
4.905623786341919979e-03
1.066254925661494077e-05
2.174642865659895695e-06
4.102686580378505374e-05
3.223604191857051734e-05
4.011961057204624397e-05
5.831777221077808517e-06
6.860313388215941580e-07
2.147094909905870281e-05
1.327350709866655674e-10
1.432629138843561374e-10
1.573019240569488145e-10
1.781495362363205027e-10
1.453088792518856142e-10
3.704819205416546549e-04
1.321592762177722094e-10
1.385319621193217797e-10
1.588365629437202120e-10
1.094537385590223518e-10
1.343173593262500997e-03
1.183033745197342684e-10
1.312261400690927584e-10
1.969287525745152851e-10
1.292538795247005565e-10
9.828522203520150241e-05
1.433502194706069049e-04
4.100319457991668951e-04
1.669618954254008249e-06
1.206579167431893568e-06
2.844127828491075337e-04
7.400780029441905367e-06
1.883602382150919371e-07
2.156638084094763828e-06
1.751410144180137214e-05
1.813804431126130600e-06
2.012490887776006831e-07
5.597566885021755074e-08
7.775350025627432459e-06
1.048064449308750825e-10
1.062806863745246619e-10
2.080620765880957530e-10
1.428136342873680894e-10
1.404829743416896868e-10
9.908364357002504398e-05
1.444946722272619205e-10
1.396196951960065370e-10
1.775306109322024194e-10
8.431730523368802377e-11
1.704629276936547286e-10
1.578264158803681364e-10
1.006198970396024288e-02
7.210485298369373030e-04
9.822513289226445041e-04
4.769262619206218902e-06
2.822786385836553829e-06
6.014724108255303965e-03
1.294551785463857923e-03
1.247164544204980261e-05
2.847757878529973564e-05
2.526444545124581967e-05
7.052211677352942441e-06
3.217463240645265213e-05
1.473013357417926588e-05
1.908508954006092728e-05
1.671241395723707318e-10
1.103040793249372941e-10
1.449726905169184319e-10
8.746418673978898129e-11
1.247429287218914395e-10
1.341391984105108718e-10
1.060908352096030592e-10
1.249395248922127189e-10
8.782858573018055365e-11
0.000000000000000000e+00
0.000000000000000000e+00
0.000000000000000000e+00
2.065555789293327737e-11
1.545926933845786554e-10
1.423812978497709113e-10
1.115966918416103297e-10
1.208085932041459033e-10
1.341352061534940643e-10
1.104956675608701433e-10
1.506997552707541035e-10
9.278139764783002001e-11
1.267025842918126777e-10
1.272677755379593464e-10
1.797014107667671245e-10
1.092496271849246613e-10
1.136896956117054224e-10
1.368382064381434318e-10
0.000000000000000000e+00
0.000000000000000000e+00
0.000000000000000000e+00
0.000000000000000000e+00
0.000000000000000000e+00
1.401944685374530584e-10
0.000000000000000000e+00
0.000000000000000000e+00
1.644127447905602783e-10
0.000000000000000000e+00
0.000000000000000000e+00
0.000000000000000000e+00
0.000000000000000000e+00
1.737836110181009254e-10
1.205305423568514409e-10
9.375196234979334990e-11
9.756642210290837167e-11
1.409941629723085796e-10
1.835805228452299570e-10
1.328908757155068230e-10
1.253780943922852187e-10
1.408206115962475103e-10
1.097496303039797135e-10
8.929963598509007053e-11
1.841333459761501543e-10
1.919952603777923204e-10
1.353124158733393852e-10
0.000000000000000000e+00
0.000000000000000000e+00
0.000000000000000000e+00
0.000000000000000000e+00
0.000000000000000000e+00
1.188027474904048396e-10
0.000000000000000000e+00
0.000000000000000000e+00
0.000000000000000000e+00
0.000000000000000000e+00
1.053766601910416533e-10
0.000000000000000000e+00
0.000000000000000000e+00
0.000000000000000000e+00
1.016014163441503001e-11
1.550086908835150982e-10
1.455278460617365711e-10
9.972426904490425702e-11
1.564670936718439768e-10
1.089655043896074601e-10
2.831239883369919877e-10
1.515207481060149855e-10
1.343460128412697523e-10
1.799228812749374517e-10
1.550665767831431985e-10
1.336885103105993005e-10
1.337010895040320788e-10
1.215607740482756685e-10
1.102056337590267003e-10
0.000000000000000000e+00
0.000000000000000000e+00
0.000000000000000000e+00
0.000000000000000000e+00
0.000000000000000000e+00
1.569482966790124638e-10
0.000000000000000000e+00
0.000000000000000000e+00
0.000000000000000000e+00
0.000000000000000000e+00
1.381984679678328259e-10
0.000000000000000000e+00
0.000000000000000000e+00
0.000000000000000000e+00
9.942626821041420104e-11
1.138770183813149557e-10
1.336521164596843307e-10
1.014319837407670507e-10
1.184931716437016366e-10
1.234297835038542626e-10
1.121223697208246637e-10
1.966398506182081484e-10
1.287964704079085077e-10
1.073025594372963892e-10
1.543754858058096119e-10
1.343257311375752715e-10
9.864588437583382049e-11
9.189726711867011569e-11
1.243736811954456711e-10
0.000000000000000000e+00
0.000000000000000000e+00
1.234123327964101584e-10
0.000000000000000000e+00
0.000000000000000000e+00
1.285985361787430889e-10
0.000000000000000000e+00
0.000000000000000000e+00
0.000000000000000000e+00
0.000000000000000000e+00
1.199252895403201479e-10
0.000000000000000000e+00
0.000000000000000000e+00
0.000000000000000000e+00
5.942580478661664767e-11
9.626500253561153547e-11
1.259304786355851904e-10
1.858117393005745626e-10
1.200687602068673378e-10
1.080869436544357011e-10
1.582428574005298506e-10
1.038862523997536659e-10
1.470190692446978861e-10
2.651819491878664847e-10
8.268899091013043891e-11
1.006850004411067529e-10
1.434058856618080748e-10
1.628014366613177920e-10
1.375927660523539869e-10
0.000000000000000000e+00
0.000000000000000000e+00
1.965723118568497077e-12
0.000000000000000000e+00
0.000000000000000000e+00
2.205566674254266475e-10
0.000000000000000000e+00
0.000000000000000000e+00
0.000000000000000000e+00
8.104905075156851245e-11
1.506678261360481599e-10
1.033841078000201195e-10
1.635839430581720456e-10
9.317799687606241294e-11
7.303635601129436661e-11
1.631197537900772267e-10
1.769358145367883239e-10
1.149344247154832919e-10
1.723539735425971012e-10
1.436116179007840015e-10
9.784748147134884199e-11
1.064319730186338939e-10
1.333694847456065550e-10
1.290765076851749124e-10
1.242075805632795487e-10
1.119562254051718491e-10
1.630925559556999849e-10
9.830788718016161373e-11
1.558812581389874600e-10
1.197452253644455963e-10
2.561411691068202155e-12
1.265959967564434578e-10
6.459437253764878366e-11
7.072160377803205481e-12
1.345391846378170781e-10
2.185637745147534807e-11
0.000000000000000000e+00
1.156137568507392904e-11
0.000000000000000000e+00
1.343828263393334967e-10
7.428626936569528957e-11
0.000000000000000000e+00
3.530051303933028204e-11
9.183594405393103942e-11
1.563378642525988913e-10
1.891736364134774315e-10
1.422964916725724259e-10
1.245471406385726561e-10
9.085887880269320556e-11
1.554589120197941646e-10
1.402024631580906792e-10
9.925438776294383313e-11
1.667406770965962979e-10
1.159448099332526898e-10
1.099795648483866265e-10
1.248194207664931010e-10
2.260332165805846712e-10
3.793404107162326214e-12
0.000000000000000000e+00
9.348001038014884737e-12
5.688162978977002363e-12
0.000000000000000000e+00
1.665763506503784932e-10
0.000000000000000000e+00
0.000000000000000000e+00
0.000000000000000000e+00
1.279343310027424304e-10
6.409642092628875846e-11
1.361655747134925295e-12
0.000000000000000000e+00
1.419878141301304873e-10
1.232157226458442316e-10
9.816017440669090633e-11
1.027704797647553302e-10
1.413937981749368065e-10
1.255661825347377494e-10
1.278769119026114283e-10
1.201725491358342768e-10
1.425906508662698556e-10
1.184714952947702793e-10
1.386353160973066930e-10
9.246411691077737966e-11
1.560639289569472024e-10
1.934730612920614813e-10
0.000000000000000000e+00
0.000000000000000000e+00
1.688835352184861720e-12
0.000000000000000000e+00
0.000000000000000000e+00
1.708304122313426927e-10
0.000000000000000000e+00
0.000000000000000000e+00
0.000000000000000000e+00
0.000000000000000000e+00
1.377802589067990682e-10
0.000000000000000000e+00
3.780847269071853945e-11
1.293784881093232687e-10
9.724838655230618057e-11
1.588281096851289858e-10
1.723761091584760694e-10
1.046626090218173579e-10
1.570513880499348933e-10
1.011176469538188433e-10
1.672767117167904237e-10
1.142011182442840283e-10
1.093950624987037252e-10
1.422678995868368740e-10
1.000853230909039650e-10
1.621207715483965162e-10
1.513764799208209103e-10
8.482206269568217466e-12
0.000000000000000000e+00
3.754529201958127654e-12
4.082860207382096825e-11
0.000000000000000000e+00
1.528363977380157318e-10
0.000000000000000000e+00
0.000000000000000000e+00
0.000000000000000000e+00
0.000000000000000000e+00
8.422953839782138202e-11
9.899904020645888705e-11
1.189825290640428742e-10
1.139617998419457974e-10
2.232396948247287077e-10
7.449335924065620489e-11
1.699381091488419979e-10
1.263555324787274155e-10
2.107687931361464914e-10
1.592412670579096727e-10
1.503437089912462675e-10
1.542645007705406403e-10
9.786728782323466193e-11
1.333791444160237741e-10
1.320729590124802407e-10
1.924921373660973421e-11
0.000000000000000000e+00
2.316175562470661781e-11
1.566274716623731475e-11
0.000000000000000000e+00
1.501216957391613805e-10
0.000000000000000000e+00
0.000000000000000000e+00
0.000000000000000000e+00
0.000000000000000000e+00
1.556088202772286357e-10
0.000000000000000000e+00
0.000000000000000000e+00
0.000000000000000000e+00
0.000000000000000000e+00
1.298416715953566569e-10
1.095051054515299694e-10
9.703126945165635898e-11
1.493522829797323297e-10
9.298751542209550691e-11
1.035050241979018725e-10
1.419522463799265135e-10
1.204227029896307473e-10
1.028856545368551115e-10
8.241190643254559399e-11
1.107048589626369851e-10
1.054807857021509718e-10
1.712519818735050303e-10
1.170166654628035275e-10
0.000000000000000000e+00
0.000000000000000000e+00
0.000000000000000000e+00
0.000000000000000000e+00
0.000000000000000000e+00
1.448412651773017061e-10
0.000000000000000000e+00
0.000000000000000000e+00
0.000000000000000000e+00
0.000000000000000000e+00
1.300010038147665000e-10
0.000000000000000000e+00
0.000000000000000000e+00
0.000000000000000000e+00
9.277400084556666814e-11
1.475519826669841015e-10
1.040523722151041351e-10
1.145136659584408405e-10
1.575123494581171669e-10
1.378166103201662176e-10
9.391409798972450628e-11
1.256388710201240308e-10
1.567307713670011649e-10
1.618281545291741459e-10
9.861074260176440676e-11
1.103552046470386062e-10
1.754331073098705160e-10
1.052664418958039000e-10
1.789543574274503002e-10
0.000000000000000000e+00
0.000000000000000000e+00
0.000000000000000000e+00
0.000000000000000000e+00
0.000000000000000000e+00
8.655849488147540960e-11
0.000000000000000000e+00
0.000000000000000000e+00
0.000000000000000000e+00
0.000000000000000000e+00
8.823960478837596861e-11
0.000000000000000000e+00
0.000000000000000000e+00
0.000000000000000000e+00
0.000000000000000000e+00
1.431238360640231948e-10
8.452054110753941673e-11
1.497537057217799531e-10
1.300916662498215526e-10
9.144773861933363900e-11
1.944010085412658236e-10
1.564160781624696837e-10
1.038149118716343837e-10
1.699349173968723558e-10
1.225122731787831848e-10
1.789825614807294131e-10
1.284930423749179569e-10
1.187955046386423004e-10
1.357146434886023924e-10
0.000000000000000000e+00
0.000000000000000000e+00
0.000000000000000000e+00
0.000000000000000000e+00
0.000000000000000000e+00
1.052361992901538138e-10
0.000000000000000000e+00
0.000000000000000000e+00
0.000000000000000000e+00
0.000000000000000000e+00
1.093961592826561368e-10
0.000000000000000000e+00
0.000000000000000000e+00
0.000000000000000000e+00
0.000000000000000000e+00
1.362472032641404724e-10
1.133335862400308566e-10
1.956137299095318816e-10
1.727128717272624940e-10
1.818462301450065764e-10
8.533867387448261522e-11
1.577434638166009258e-10
1.118963753458551522e-10
1.283347611146552588e-10
1.241619145731916978e-10
2.165456498513529821e-10
1.147976406585132269e-10
1.245830076004245655e-10
1.442817770052829472e-10
0.000000000000000000e+00
0.000000000000000000e+00
0.000000000000000000e+00
0.000000000000000000e+00
0.000000000000000000e+00
1.343967201465544997e-10
0.000000000000000000e+00
0.000000000000000000e+00
0.000000000000000000e+00
