154
37
52
117
118
158
157
155
51
97
10
31
96
160
100
9
156
144
283
56
141
289
44
83
14
57
286
169
143
86
45
166
290
115
159
73
60
35
95
111
84
162
2
112
34
3
120
287
26
138
293
167
137
98
284
165
174
42
172
54
74
88
24
163
99
33
164
77
285
32
94
125
43
70
149
134
65
64
11
311
147
25
53
294
20
55
114
80
66
116
168
12
6
91
17
139
102
104
177
148
72
13
22
67
1
79
175
135
103
46
161
119
16
0
85
76
92
38
145
75
113
292
78
124
152
40
82
129
29
93
23
150
186
47
306
27
304
299
303
110
18
48
50
136
30
173
313
7
28
309
87
68
207
61
295
59
153
300
308
4
126
184
310
307
211
132
146
314
63
5
108
170
298
305
8
296
297
205
101
206
208
209
128
130
15
188
151
183
90
198
171
106
320
213
21
324
239
179
312
291
288
140
301
39
107
214
41
105
71
178
316
19
210
181
131
212
191
121
189
197
317
182
81
318
49
187
302
62
180
89
203
109
58
127
176
196
274
323
133
282
193
315
321
192
123
223
190
215
275
322
230
221
222
279
69
204
231
194
185
216
319
265
200
219
264
202
232
238
122
273
248
266
236
263
201
217
226
233
261
220
258
254
218
245
199
240
250
249
251
272
260
234
225
246
267
269
241
256
227
253
235
252
276
255
268
237
259
257
229
247
270
195
228
244
277
271
278
243
224
242
262
280
281
142
36
