1.433464787540295960e-03
1.884016112107889020e-03
9.251189345046134660e-02
7.306654302294703085e-02
2.113205063819022873e-04
1.240890685797631763e-04
3.493191581303602133e-03
2.918890896357055251e-04
9.147742979935992588e-05
7.513660297815457634e-01
1.144553128626952576e+00
6.194271088326402074e-03
3.561798167163340162e-03
2.274172472815300886e-03
2.955813370824756925e-01
4.173771975651239001e-05
1.461972855323789410e-03
3.331845298353151158e-03
4.382024837905802456e-04
8.993109856768147597e-06
4.726970975440686167e-03
2.240484726246675317e-05
2.010171818840375546e-03
7.423885801407574493e-04
2.293849128088048042e-02
5.700382186100297864e-03
6.263568943463244942e-02
6.549784307691436250e-04
2.891465073607542118e-04
7.561758243598564085e-04
3.283825552408630539e-04
1.081308473283166371e+00
1.636323692863216744e-02
2.039544735249614396e-02
7.432856366329110287e-02
1.088709867468669323e-01
0.000000000000000000e+00
7.723188943366673165e+00
1.163326976498527555e-03
1.478382422237497281e-05
8.457017898340347907e-04
1.015084352868793878e-05
3.144840981909508004e-02
1.427711420931183917e-02
3.101030241853032221e-01
1.975280448204506378e-01
1.691761922396653375e-03
6.902232751422156601e-04
3.963812083797239698e-04
3.614295529795603693e-06
3.649808868350913572e-04
1.960527020873604087e+00
6.059836873866456308e+00
5.411820574516671561e-03
2.622875439453212568e-02
4.452931522894913383e-03
4.143867099675528909e-01
2.762691713048415765e-01
2.418484176544341061e-06
2.371075025400576548e-04
1.244340081715469282e-01
2.488636637325595743e-04
3.237163921645555990e-06
1.372402578414094992e-04
8.775614944580831245e-03
9.243356593475858182e-03
3.814095937251792655e-03
1.919963632419488747e-03
2.720429410406794172e-04
2.364028699333907395e-07
1.191813375172031536e-02
9.832270566305942403e-06
2.352059620413877051e-03
1.288422664342210311e-01
2.536309819701886709e-02
1.017683342930566451e-03
1.285274132045024532e-03
1.904040742327138200e-02
9.391483679380720467e-04
1.844919285078001773e-03
3.816700173976159127e-03
4.162362615926278564e-06
8.391080470125585359e-04
3.015440147894346556e-01
9.419940689010705692e-02
1.303827510417880295e-03
2.222237980360257381e-01
2.757337078334953871e-04
2.452309672636180174e-02
3.122485446877140840e-06
3.161426415090451815e-05
3.431127674828281324e-03
1.188470078044077775e-03
7.471841971859160539e-04
1.549705463912516221e-02
1.000541175060310345e-01
1.065273517698853034e+00
1.719456164173852386e+00
4.655246770041820276e-02
2.073527446295927307e-02
8.954144576077917028e-01
6.635805318463520737e-05
2.764487687900783579e-03
1.735098096517716151e-03
2.642057670553716459e-03
1.007327262463969747e-05
2.537530411831864942e-05
1.467998851245106103e-05
1.134513249433790705e-04
2.626004097489470557e-06
4.728821560426869539e-04
9.493662519367518371e-02
8.105265096651806389e-02
1.014817266692091911e-03
3.997274723322395348e-03
1.429710591245788309e-01
3.791816833541303625e-03
3.469289858323322928e+00
3.029407981112501869e+00
1.476464508132036913e-03
7.155377014185251849e-02
6.167149899871105262e-06
4.526076915272226377e-08
7.424057162912339217e-07
9.233892027590105819e-04
1.507778227784127047e-02
2.087534916945076448e-04
2.164528918268066724e-06
4.738186437904826981e-05
7.625831061531162993e-04
4.687156419260508900e-05
7.904204862570118943e-06
1.475195361347473916e-04
1.324462913709810878e-06
1.032149920477498303e-02
1.755053927081268216e-03
3.622485967495628150e-04
5.033588515792372653e-02
5.583236263420881390e-02
3.251505798343579633e-03
1.541125776442354341e-05
3.536391284080757647e-01
0.000000000000000000e+00
2.298181603548140051e-01
5.657082106407811395e-01
1.116684024611055330e-03
1.427159700706233760e-04
5.759459784051441586e-03
2.365704870262021024e-03
1.168994813348584599e-02
7.054956174638492500e-04
3.972150041552366314e-05
8.899966804359124703e-04
2.328206453692110447e-04
1.112997925162591883e+01
2.051172121193112208e+00
5.844839184298668000e-01
2.745099096827305019e+00
2.959195725012042644e+00
1.314325457106435557e-01
1.045173629307216023e+00
1.543507220688169514e-03
9.288766074897404634e-02
2.159132528620952979e-02
1.945795117899765808e-02
3.853995695164585955e-02
1.952725433273471145e-01
5.067067960340487787e-02
3.628545430417001900e-03
2.446617027089539875e-01
1.131859785259342122e-04
2.670974380262922067e-05
2.694909604184560215e-02
3.170205278806447922e-04
3.722297866938494015e-02
1.816589799260556141e-03
1.857886946361638713e-06
2.405926291629028723e-03
9.690803431543003904e-06
1.840807266478192738e-05
3.235262464244606563e-06
8.072983930938849181e-06
4.490929492553189069e-06
3.730340586060956369e-05
2.011898517919759029e-04
9.819870389997480868e-08
7.017439277116565254e-04
3.553018208841303291e-06
4.110051758051315332e-05
5.977311934002663728e-06
5.587966283632804648e-07
6.190601626468583114e-06
9.093639347179545111e-07
1.155905615079160477e-06
1.469042368962525616e-07
5.853277596875135331e-10
1.530281424176609062e-06
4.933777262172245830e-06
2.684264332435527559e-05
1.095243212965476725e-08
7.280936597808829450e-08
2.806727350277253931e-08
5.199930307241431103e-08
2.859333419909716439e-06
1.889027874173316797e-07
6.919680690254897504e-05
5.765181830245165884e-05
2.500368129356970873e-04
5.610843672477208781e-05
4.812727332641169697e-05
8.971529483538210562e-06
1.612804158603509033e-04
6.506882284337936516e-06
2.281378590516171555e-05
1.332897484487378522e-05
5.164321402946208826e-07
8.399478584733110915e-08
2.784808118052660504e-08
1.252114502888703460e-08
6.417572767648051486e-08
1.906670732599572465e-08
3.644386961341226719e-07
3.002401096300101017e-07
6.448123884562773738e-07
1.957880150319788554e-10
5.851564461608906017e-09
2.705477658274662839e-08
1.948800115195169881e-09
5.450735182693089528e-10
9.090802169209450489e-10
4.398753136988256175e-07
1.748513279558434913e-07
4.660102114441576074e-08
2.479574229351075624e-08
5.994782558765743213e-09
1.617772837666960578e-09
3.328625596773091664e-08
1.026093177252386854e-09
4.632882816755419017e-08
1.985890074539931440e-05
1.088614365065388062e-08
2.780123095673120235e-09
8.613117539288825401e-11
2.025078750009279431e-10
3.965840392137171047e-10
1.204569130911282381e-08
4.579261973403440888e-09
8.159263724775936579e-10
3.738049197253639189e-08
8.087452373011230909e-09
8.143754437022358715e-09
6.675585643263849678e-09
1.466272362284484784e-09
1.931078519438841022e-09
1.427120917569555066e-08
1.235097484029782974e-09
2.767155707710030198e-09
1.003128453204980095e-09
1.906284153462893114e-08
1.018433719007882463e-09
6.076190201843833092e-09
2.028273979097763018e-08
5.984114146726939381e-11
2.861082240172874150e-08
5.618169581220865519e-08
7.323409126681750100e-08
3.399813142053580754e-08
4.239261611606400917e-09
1.061605147490249982e-09
3.630966043876291252e-09
6.188340942087504224e-10
3.449047143712264967e-10
6.578746784804791478e-09
4.272390041968418605e-08
1.373370382523422929e-06
5.122041345814006703e-07
1.275995856905111082e-09
3.506569278888420132e-10
3.036045208060065358e-10
2.731157482271005257e-07
3.367816380258463581e-11
2.065774425144883392e-11
1.162232338518731298e-06
5.300706830822488058e-01
4.330682346156379536e-02
1.762469351359356035e-02
2.560499620970139167e-01
6.908598235180016256e-02
1.729412122890021695e-05
3.475848482876380818e-01
1.811300223892823025e-01
1.750377984341923966e-05
1.009212464314578755e-03
5.169202092979706398e-02
5.394033956433694731e-03
2.444645468502210941e-04
7.296487996711389359e-05
7.011404328392715579e-05
1.041821113320816827e-04
4.876834769033914379e-04
2.292018428409895500e-04
1.481320129732080425e-05
3.461715616180119581e-06
4.875978516926857110e-04
5.682676058621512595e-04
9.751478001819116636e-05
6.627245449253732230e-04
1.809601065537354281e-04
2.199809362836537073e-04
2.886589527336090328e-04
1.982623363246922377e-04
5.942602961333549177e-03
1.772709097669743968e-05
3.089080078100604775e-04
1.376476763440353211e-04
1.039727597412576856e-06
9.065705240407241402e-06
4.880165136386077659e-06
3.871875521625217648e-06
8.249247253077612340e-08
2.516552396685459842e-05
1.024179580332928962e-06
4.714321281997434155e-07
1.346375141050356604e-06
2.171975260910995452e-05
