154
37
52
157
158
117
155
118
51
160
97
31
10
169
100
156
9
56
283
96
167
144
44
159
166
141
83
174
289
14
45
143
162
286
115
86
111
120
60
84
293
290
2
112
138
74
137
95
163
26
287
73
3
70
24
284
164
77
54
57
98
172
35
285
99
134
177
149
88
43
165
94
65
42
125
311
64
139
119
34
161
53
20
294
17
147
67
80
72
103
66
114
25
32
104
33
46
85
124
68
116
148
175
22
12
75
91
129
135
102
168
79
82
76
11
13
6
48
145
78
55
113
292
306
16
61
27
40
47
18
152
136
23
179
150
146
313
38
126
110
30
108
29
173
92
1
93
59
299
132
153
314
207
304
130
28
308
5
50
309
198
178
170
186
7
4
87
300
303
239
211
307
0
90
295
121
197
297
298
106
101
21
310
71
312
63
89
324
184
316
208
171
39
8
140
213
15
182
128
183
291
131
296
151
288
189
320
305
123
209
105
19
107
81
206
49
301
181
127
188
282
133
214
176
58
205
210
191
41
274
109
238
302
318
62
212
321
230
196
275
203
223
317
180
315
323
222
322
122
231
192
190
69
216
221
193
264
200
217
265
226
279
187
232
219
194
319
204
273
245
248
220
236
266
254
195
201
263
246
260
202
185
268
261
215
247
258
272
227
233
249
251
241
218
228
237
250
240
269
276
235
267
234
243
244
199
229
253
225
252
255
262
277
271
256
270
259
281
257
278
224
242
280
36
142
