1.748304645311551649e-04
6.616088517321465617e-04
1.120032462246290106e-01
6.380560214282490761e-02
2.355481193858900918e-04
3.355027358685774451e-04
2.456388259128108181e-03
2.393094596484302613e-04
6.479046035876195647e-05
9.824606542796541220e-01
1.449663056876735023e+00
2.607057953294861317e-03
3.392169643662840042e-03
2.548690177314985334e-03
3.145375257241415090e-01
5.963055853147453925e-05
1.352547518963177721e-03
9.472022233957936438e-03
1.212478787323770322e-03
2.912699068615962533e-05
9.868651396799186376e-03
1.041391430184485654e-04
3.593463842558575292e-03
1.146441925486927325e-03
5.575471935798991668e-02
6.691132820857298609e-03
8.011181645666683171e-02
1.238663952936154989e-03
3.846692883494112151e-04
7.658880009880840141e-04
7.920011199446378488e-04
1.858849301563459289e+00
6.639276907802334551e-03
5.909883878271966762e-03
1.053505981052667295e-02
2.975891091236717786e-02
0.000000000000000000e+00
1.217658727441798838e+01
1.004790794787937050e-03
6.521034038964455186e-05
1.229918847980311820e-03
9.169280994149092953e-06
1.462717597219975046e-02
1.810344051760740675e-02
3.975187398011155726e-01
2.784246329767011141e-01
5.880002993328671546e-03
1.215530036143284802e-03
2.396327965320966136e-03
2.218313021040675152e-05
3.195019061574274981e-04
2.615970387321662205e+00
9.948540388474901519e+00
9.982516449992444654e-03
4.362554737351131279e-02
2.073778060659494001e-03
8.778901125692691876e-01
4.051885324515069886e-02
1.180546073029469837e-05
6.078253427919267770e-04
1.541357472157496855e-01
1.307166937024422260e-03
4.579142083008899987e-06
8.641403857019304944e-05
1.280487238060454801e-02
1.526406527358128290e-02
6.854685828043036167e-03
8.420240866684403774e-03
4.795919520182202918e-03
1.110741723588161952e-06
5.782138985145830745e-02
8.729070330622349392e-05
7.212387381589113397e-03
6.467586083519272222e-02
9.493824124176676593e-02
3.303966565585018684e-03
2.631802845479201333e-03
4.367125639095944395e-02
2.094908263549857645e-03
2.685433015103749505e-03
7.525462030721579050e-03
2.585860585953520140e-05
2.632719247544071991e-03
3.546636472530303452e-01
1.307254723704905086e-01
5.241022745584262427e-03
2.072441890727406422e-01
2.306647546510894747e-04
1.829251240259404873e-02
8.090135614056761528e-05
1.638027780945430626e-04
3.013769825758415115e-03
6.674890468108596103e-04
6.518859825490891250e-04
1.550927524519975405e-02
9.135606879745358788e-02
8.240074176580998166e-01
2.097782643805846003e+00
3.309513738370825631e-02
2.348917692465988735e-02
1.170877005400497106e+00
1.105981054098668844e-04
2.829431403126107889e-03
7.036310138905951458e-03
5.990419648284996297e-03
2.946955115789211082e-05
1.114030666866513356e-04
2.688889001110202220e-05
7.796980320998941416e-04
7.119307632944430210e-06
8.966172452271740142e-04
1.856976632177929076e-01
1.063039799763463022e-01
1.661503173054857275e-03
6.709164285011040042e-03
2.488311791515881444e-01
4.590929985033700977e-03
4.716528833468544235e+00
3.622441783212557720e+00
1.073366400214116785e-02
1.569941432854007612e-01
1.501218772519983874e-04
1.726593483309901919e-06
3.210720921374284292e-05
4.964127950609254977e-03
1.327294177490356310e-02
9.107292503899871603e-04
1.992655581023818856e-05
5.344018966668404090e-05
2.903519521343364551e-03
3.948316750482885906e-04
4.842224762364839098e-05
5.017547485761669626e-04
1.731662617207289736e-05
2.134864923425787084e-02
2.889873987373962373e-03
1.147451166891858693e-03
9.454601312849733596e-02
1.016027284085762178e-01
1.212730684984361998e-02
6.335428161307639491e-05
3.601172566068632785e-01
0.000000000000000000e+00
2.626385828930892785e-01
5.671038006762262329e-01
2.366017055803350429e-03
1.049851030644984896e-03
8.591159378905349059e-03
4.387571117809561418e-03
1.912745957877907965e-02
1.077084896424357775e-03
4.542357669549456283e-05
1.189698226467135727e-03
4.537404589178700167e-04
1.566506527275929805e+01
3.989043844989129894e+00
1.101698009275104306e+00
6.019151397813918614e+00
5.441028596014647611e+00
3.667051453696844043e-01
2.595088423622209817e+00
1.019395061267970581e-02
2.554989579638382580e-01
8.956956666465182293e-02
5.372381363863865111e-02
1.682777395920690561e-02
3.665937125417492726e-01
8.174118628368791661e-01
2.695718739152024035e-03
1.250527057691091182e+00
2.521404093866231612e-04
6.543460098552269719e-05
3.285903733360875933e-02
7.541724618979638896e-04
3.545737829626043891e-01
4.208651252002455247e-03
1.432348642160871592e-05
2.014462702905900002e-02
2.583007542830080051e-04
1.093893304788660318e-03
2.224792114508236971e-06
2.076491197209203080e-05
5.352831115994221992e-05
4.994207506533636316e-05
7.583547017380969763e-05
9.339104575316027941e-08
2.469096873235979562e-04
4.339638011171699883e-07
1.932158553385810763e-05
3.583359062745273513e-05
1.342309596748152568e-06
1.035728258799360985e-05
1.417029124211434382e-06
6.271944818178536108e-07
3.146856266901668753e-07
1.285672384429673202e-07
3.617458960300446697e-06
1.461490954282674063e-04
2.751673715347192125e-04
1.412400132054238038e-08
5.451884100409793245e-07
1.283786941626453237e-07
9.367052541124410734e-08
3.070011588222319404e-06
2.858148677748140341e-07
1.149467104408171986e-05
2.294061256026089127e-05
4.358204549353996934e-04
7.141211969040179544e-05
3.085809678150254579e-05
1.038056070566217674e-05
1.953940926394571607e-04
4.401025701586684492e-06
6.218932583379296788e-05
1.618929382054504302e-05
7.141226024980823527e-08
1.076402742826958661e-06
5.398457017989647567e-07
3.822211444436755250e-08
4.028780879593535534e-07
2.017677790410534135e-07
1.075013233769240929e-06
2.003504378546259978e-06
2.436260140572121744e-06
2.229006486220871740e-09
1.080890624317670965e-08
4.787583974068112258e-07
5.193890911432860973e-08
3.697688113844707792e-08
1.240940201736145192e-08
3.752591202558597828e-06
1.453887823984076044e-06
4.239745001363046171e-07
4.754710662139806371e-08
1.570341308056055355e-08
1.980790916143755975e-08
1.943121413276688277e-07
3.605317748201596253e-08
6.795003806160190653e-06
2.029027950691967078e-04
3.302901062235395806e-08
4.015949246025190260e-08
8.827989483359226783e-10
1.539186244198602254e-08
1.415764296440327873e-08
2.703392648829418513e-07
1.027811604265642011e-07
7.083372015665977685e-08
2.021370352742362340e-07
4.567284868681170148e-08
3.485507058756468558e-08
4.192655968475921286e-08
9.563834307060288215e-09
1.200582224501920525e-08
1.433227739796869784e-07
8.872265758195628891e-09
5.128954875107791620e-09
3.545269475153512664e-09
6.186999205918652800e-08
4.248138586769948940e-09
9.797543606912083543e-08
7.417258170704473913e-08
7.593064336097511318e-09
1.169183458375080842e-07
6.058769412784183441e-07
5.120077989451377290e-07
1.733970112548256413e-07
1.626184821407319257e-08
7.793327068102260306e-08
3.223844066514575930e-08
4.866440320515060322e-09
5.958019640820797380e-09
5.814986879289972558e-08
2.805102461547774909e-07
7.258461713720927920e-06
3.124300521183261906e-06
2.886833598219522391e-08
7.186934774792689088e-09
2.525566528554221927e-09
4.500902361199445618e-07
2.719539555164375012e-11
4.104107319348907797e-09
1.865410547429663602e-05
8.251820630111543764e-01
5.512593055305491790e-02
2.549394830699377654e-02
2.553389688594816520e-01
7.473356194502428496e-02
4.393775046929334732e-05
3.326472657452458903e-01
1.198622619915433868e-01
4.889899057166311873e-05
1.601041902844589334e-03
1.233647802914550479e-01
9.790184345283179171e-03
1.549966166010733595e-04
4.775167334767180694e-05
1.402926922608018824e-04
1.382594221670992174e-04
5.972699203264593458e-04
2.190514143582198553e-04
2.188117140523705928e-05
5.944837011783845908e-06
2.082475489661362482e-04
4.146308796918182836e-04
3.442006348977037241e-05
1.584814774051597919e-03
1.906033406708338188e-04
3.618386292547567137e-04
3.071855885772110787e-04
1.029045253868208164e-04
1.311669697167538139e-02
8.661512276504706672e-05
1.032274816147067805e-03
4.383261754310276192e-04
2.211943502175104147e-06
7.423893990301968886e-05
2.432091068543394266e-06
5.297565915507709882e-06
3.028700538614937504e-07
3.563793978535019854e-05
3.782211063033806755e-06
1.805242063081547359e-06
2.096306082008544853e-06
7.877652135579840990e-05
