154
37
52
157
158
155
117
160
51
169
118
56
31
167
10
97
156
166
9
100
174
283
159
73
162
96
144
44
57
83
42
293
115
141
163
289
111
45
120
74
143
14
70
286
137
60
40
84
138
86
77
35
38
2
165
20
24
54
287
164
95
67
32
139
78
26
239
284
161
134
39
112
3
22
89
106
55
72
48
98
119
130
285
61
290
11
172
33
149
124
168
99
68
136
53
311
80
211
125
17
103
294
65
43
126
46
64
121
147
173
238
123
34
104
94
175
129
75
208
114
85
66
82
59
148
81
49
25
170
88
79
288
145
135
177
76
146
116
91
230
69
213
113
105
179
152
306
12
233
313
6
108
292
27
1
13
150
5
274
102
131
18
30
110
272
217
50
23
196
90
47
92
128
291
231
303
153
245
264
71
268
275
132
16
127
122
314
93
244
29
171
209
222
243
19
207
234
299
21
229
308
133
254
201
191
248
101
41
28
140
109
226
186
7
316
63
246
107
198
312
298
309
216
310
184
304
307
4
273
178
189
190
282
297
235
324
214
305
197
151
249
300
176
15
182
87
250
200
279
265
202
223
269
206
295
8
260
251
183
58
247
188
276
205
320
219
237
192
220
296
302
241
270
301
203
0
221
195
210
252
266
253
255
240
277
317
318
267
232
227
321
212
62
322
271
261
193
236
228
224
204
185
323
278
180
199
218
263
194
315
181
319
258
215
242
259
256
257
262
225
187
280
281
36
142
