5.987165458210590911e-06
7.676336137952670955e-04
3.578433638251916904e-02
1.429976288238253047e-02
8.096340129121044307e-05
7.350561013626288930e-04
8.295391589493525007e-04
1.251155365420739780e-04
2.084873519517730755e-05
3.611800501230055249e-01
7.235734995207127040e-01
9.180143182811746627e-03
8.638798924346250199e-04
7.431412392680659777e-04
7.642993269612556595e-02
3.421973038748732658e-05
3.096925445501533714e-04
5.771895219270866198e-03
6.372451265565532569e-04
2.271317372616257367e-04
3.248947309770250369e-02
2.011016068653871506e-04
1.206553408214547547e-02
5.679284139917717324e-04
2.588651719312155125e-02
2.163050177719377104e-03
1.695107972358697590e-02
7.793601637890030772e-04
1.442324102782554856e-04
2.449752864784506402e-04
6.285741268013953550e-04
9.251198328311383001e-01
1.860655267934892970e-02
8.341123117900564946e-03
3.510904514721891433e-03
4.244088783747678589e-02
0.000000000000000000e+00
5.107724377002241134e+00
3.583980933825058057e-02
1.591982456561353079e-02
5.074075216781974429e-02
1.550085225326366164e-04
1.089738320506949687e-01
5.245635194794307649e-03
1.293313482847186502e-01
9.103265630732575164e-02
4.881989137340711493e-03
5.338831078639859427e-04
1.079657572897614430e-02
2.225444529780920121e-03
5.731973096010411009e-04
1.160505559153197863e+00
4.143371578378270748e+00
6.199753732223902726e-03
2.525060558295654997e-02
1.088442359822193971e-02
9.288214208202122402e-01
1.178812695655891557e-01
1.739352996886553624e-05
2.393705051715052691e-03
5.304377741596085633e-02
9.260124306949465631e-03
1.599571519751771414e-06
1.138618998191964754e-04
4.518532181315254061e-03
5.322172498140560065e-03
2.556265636599976132e-03
1.917739680982093881e-02
6.633449742713771156e-03
1.281164358671105620e-03
7.165573327548145632e-02
3.351071591755693880e-04
1.088064971326517701e-02
2.116553810319089513e-01
8.614365583192898357e-02
2.946656004925220142e-03
1.493642345006692806e-03
4.252697377694726610e-02
1.749167617891436016e-02
1.846643300216088777e-03
5.985063517776010970e-03
2.259631532630842002e-03
2.424139268585863254e-03
1.153825949219984687e-01
5.021934767031108193e-02
2.586071661641148236e-03
4.847265226190802800e-02
3.114471450709343657e-05
1.898490883662437567e-03
1.151707462072951507e-02
5.448496414400373980e-04
1.345895092182447603e-03
5.333891722615633022e-04
2.811266194523180315e-04
3.387093605986313954e-03
2.170420882312048064e-02
1.647261197425805845e-01
6.519007202990342309e-01
1.061427834038071623e-02
6.688441555936978575e-03
3.576969476388640046e-01
1.573793293280763370e-04
6.653427863564762186e-04
5.693694753215827395e-03
3.463123694278007290e-03
1.027708744367765133e-03
1.093106943173229734e-02
1.035188651218217084e-04
7.877117662306920348e-04
1.356559615418242862e-04
6.011230007479539559e-04
9.407888077301819474e-02
1.570350909320874025e-02
1.043818662131624879e-03
2.778573369804456048e-03
1.042035045283537242e-01
1.376949436705415027e-03
1.897374418262924856e+00
1.088951681768212332e+00
1.039978522280315086e-02
8.962698691273118801e-02
4.139994089937404018e-03
3.071773426046818241e-04
3.608482551048889774e-03
7.230712466471831031e-03
5.780950092403717468e-03
5.070685113826289662e-03
3.084228871629097406e-04
4.997619068838746789e-04
3.130574223154024890e-03
1.025817964137736363e-02
6.570208857984261670e-04
3.149731036668748023e-04
1.844661731736796525e-04
1.603633153696095229e-02
1.704067783655380036e-03
6.599820730870412100e-03
5.305625610392673136e-02
5.019641654498308708e-02
1.752614818243939873e-02
1.391521550136050052e-04
9.916434259102245574e-02
0.000000000000000000e+00
8.270808052500114305e-02
1.529597517467451706e-01
1.761792035691142405e-03
1.434618422605092331e-03
4.066550816063559982e-03
2.334598411240457281e-03
7.756332863222133861e-03
7.401384151886988448e-04
4.834869410786712203e-05
9.650690970162116187e-04
3.748667621173164244e-04
6.567514948838033106e+00
2.275878860515595736e+00
5.885608257810814870e-01
3.313125450279113871e+00
2.583338869627945567e+00
2.588982730551432354e-01
1.603250759674985870e+00
1.647887554427313744e-02
1.795709781991434717e-01
9.667858403485246610e-02
2.188175121927423555e-02
3.528834576643387344e-02
5.419061829477491710e-01
8.603992452454668483e-01
7.150224853263095759e-03
1.154965744730671595e+00
1.970716731183676067e-03
2.433989103561007815e-04
8.976097406887475691e-03
3.791119527351490080e-03
3.392332573492048975e-01
3.141659084984904302e-03
4.282366258081242726e-05
1.607054497987832082e-03
6.965949117105172544e-05
1.025112840844821837e-03
4.740747276061958616e-07
3.114364429741057289e-07
3.139452435188011021e-05
1.813158031062838760e-05
8.508577949237253440e-05
6.510030922039528140e-07
1.260087930015437612e-04
8.191594781291773255e-09
1.625709475444781868e-05
6.630665964314627007e-05
6.580234334868827130e-05
1.685807769687448917e-04
1.174241522566016400e-05
1.227999676873397510e-06
3.411518497006352581e-07
5.907894684472691390e-06
5.649992800496343639e-04
4.928519130862331435e-05
9.593585333699245334e-05
4.086171769965838026e-07
3.019933647294170245e-05
1.712800283467231350e-04
2.684670727474795115e-05
7.934016966197343114e-06
9.070429703565519298e-07
1.408312295259363641e-05
2.301429515555897688e-05
2.186461455083183868e-04
2.804105938525480301e-03
2.343036582477529318e-04
5.886760686144785055e-06
5.875278345101700092e-03
1.616897052817381321e-06
1.130189178603498070e-03
5.749096338659640242e-05
6.251642002997444821e-08
8.694116993301001235e-05
5.847553935986188204e-04
4.066924994164526523e-07
1.258862504339346920e-05
1.077330771362172744e-05
5.952212750753197191e-06
2.277329733765148280e-04
2.668325308817460912e-05
9.290256961056477255e-07
1.199237374731731428e-08
1.346941213114174628e-04
2.080185175453377470e-06
1.098294625216262776e-06
1.974883376090161595e-04
1.313324576754191326e-03
4.435244568210670217e-04
2.165353429483766346e-06
8.501040429577091852e-04
2.151051682995386337e-04
6.300973720605678558e-05
1.195598544130542016e-06
1.186518632824376749e-05
3.623266510626747903e-03
1.688336266389274878e-02
3.461256132836122644e-06
9.363889820770050527e-06
5.590958579167739111e-08
2.276907424216900538e-04
2.757789453070548166e-04
3.562075407033481840e-04
1.131124739874279174e-04
1.627793118072239762e-05
1.662743275223457523e-04
4.678793981481175947e-05
3.045974351117002144e-05
1.814827846285700037e-05
5.006553583913681234e-06
3.717614827136641120e-06
1.779051353558678021e-04
3.553993770331630168e-06
1.505371952963235107e-08
1.446852481092795698e-08
8.230121580508859299e-08
2.585472821942359536e-08
1.996870343082796949e-05
1.276332754364434846e-06
1.408767227741427335e-08
4.025694713942266809e-07
3.466808601242855783e-04
2.822290339438602325e-05
4.389480516211390745e-06
2.553707402493064828e-06
3.327920457732273254e-04
2.356155397912492624e-05
8.581626319262618751e-06
1.384128875537621806e-06
5.910145999210360832e-04
7.087776161670093225e-05
6.889183412966216674e-04
3.238209220349575531e-04
1.442990974643930612e-05
3.411001467497880843e-06
5.394085458919652394e-07
2.882160134395968134e-05
3.259127707779350130e-09
1.878709659827967271e-09
6.484203444984340948e-05
3.158759081356190546e-01
1.679340587236836588e-02
9.622344220274971563e-03
5.928518523116120542e-02
2.243889579798650710e-02
1.828492627110827164e-03
9.478059370725069877e-02
9.191720385893697651e-03
4.811416514455920572e-04
7.801970269014951893e-04
1.054722238968176379e-01
5.414447036758689158e-03
2.257898502133619153e-05
1.018667848393087502e-05
6.448272817675075987e-05
9.390021521443538978e-05
2.046340493031909848e-04
4.503509777272001288e-05
8.026251059185367389e-06
1.007091505358700556e-05
4.388096781649275004e-04
8.498111575330057229e-05
5.687941022015335343e-05
9.308766804852841928e-04
8.190475856653081817e-05
1.846017482739180913e-04
8.746498535153968894e-05
8.653256535285156056e-05
6.064245479554939387e-03
9.445960537621600549e-05
8.421332887531549679e-04
2.918925822260605256e-04
3.351860967743455018e-07
1.209220005364348342e-04
3.324698004341649546e-06
3.296938252480937677e-06
2.458414915611001331e-07
1.316749870480782135e-05
2.079616537347163780e-06
1.492669762729255896e-06
5.531518595235205917e-07
6.013433576150967750e-05
