154
37
157
52
118
155
158
97
117
31
160
100
96
51
10
169
156
9
144
283
115
112
44
14
286
83
56
86
141
45
289
57
26
167
111
174
143
120
162
60
290
84
159
3
95
164
2
94
293
284
98
73
35
138
287
74
34
166
172
88
163
24
165
311
77
137
134
285
70
54
43
99
42
149
114
119
33
294
53
32
104
65
125
25
17
177
64
139
147
103
80
20
161
75
46
85
116
66
11
12
145
55
79
102
22
72
6
82
91
168
175
113
306
13
135
76
16
68
313
148
18
29
47
292
23
304
1
30
0
146
92
150
27
78
124
299
152
110
314
67
129
309
4
93
153
87
38
28
300
61
40
295
308
207
307
303
136
184
305
186
310
198
48
50
7
59
297
173
126
108
298
178
132
179
181
63
183
312
170
5
49
296
8
101
188
71
197
182
130
205
324
106
211
15
301
151
209
316
21
206
171
62
214
128
107
320
208
90
318
239
189
288
191
140
317
213
323
291
315
321
196
187
58
105
212
302
203
131
282
193
210
322
39
81
180
204
19
121
41
109
176
185
192
89
215
279
127
194
133
69
274
190
319
123
200
230
275
202
223
221
222
231
258
260
227
238
265
240
216
264
219
201
232
266
122
199
263
228
273
233
236
261
248
217
220
256
226
218
254
272
259
234
245
225
257
267
249
195
268
250
269
229
241
251
246
237
276
235
255
253
252
270
271
247
277
281
244
278
242
224
262
243
280
142
36
