9.290771693637908364e-04
9.746699322466836598e-04
1.137035985577103947e-01
1.424178732222942390e-01
5.275764384958057246e-04
7.042753191182783809e-05
2.767321662516805409e-03
2.114882756876487269e-04
6.768405061324038962e-05
5.896112609365793400e-01
7.443755000764927798e-01
3.975186624776366404e-03
3.576837596935701202e-03
2.072960118296065211e-03
4.742959178363408967e-01
3.905728000745097093e-05
1.715590154348383377e-03
9.185040702347586558e-03
1.473368505690364439e-03
4.487882547103680384e-06
6.483330266131984328e-03
3.160357624138601050e-05
2.988202931572256534e-03
1.052247001046765400e-03
4.231674753270302930e-02
9.462773037585541294e-03
2.600241795852921700e-01
7.897657317643600426e-04
4.693385826881436374e-04
1.417033196847027228e-03
9.442995933177352266e-04
2.390173321239736914e+00
9.884304825469853936e-03
1.185981624248053611e-02
5.395835869607041452e-02
6.462498867637149480e-02
0.000000000000000000e+00
1.026388890284661315e+01
4.929190254026607435e-04
5.108888573673787884e-06
3.730372305589294783e-04
4.051103753351639389e-06
1.999462528902587813e-02
2.227076346142850549e-02
4.760957657664635079e-01
3.797100600524238034e-01
4.779833253290156903e-03
1.405252550641549782e-03
2.147069598566129752e-04
6.945946930610047833e-05
2.122686115351117965e-04
1.218165064151485399e+00
7.714104694079759739e+00
1.083004693905344901e-02
2.264578171972718088e-02
3.114572779918525942e-03
4.136649806278094865e-01
2.976286532108701199e-01
7.851052788033924877e-06
2.067780360164315817e-04
1.601216254933043037e-01
4.252116267465892436e-04
2.953404975197806238e-05
8.304844793670546359e-05
8.178174059188582715e-03
9.599222455893050010e-03
4.070012818515580423e-03
6.182709702815049639e-04
1.531075441090047531e-03
1.219084056186871010e-06
2.376279322424019319e-02
6.123033193557135003e-05
2.982435507883956539e-03
6.508355195713760866e-02
5.439036601181836822e-02
4.945512477674665446e-03
1.800286937161833713e-03
3.412133240114904875e-02
7.741711111013362860e-04
3.105276754837236249e-03
6.783095741834089219e-03
4.884965749042125468e-06
2.715412098166455814e-03
4.513597485930853637e-01
1.533557085623528382e-01
4.450267268263944850e-03
4.123232004517882743e-01
5.185477411779945830e-04
4.638608409225463552e-02
2.338962701682929292e-06
2.413563505321319035e-05
2.573720673558878638e-03
8.160022051640136243e-04
5.268058689023996655e-04
1.115813180097331297e-01
1.189520946662407097e-01
1.281859108315700713e+00
3.251789959595912993e+00
6.636877147508958574e-02
2.081115153903685330e-02
1.917470324169192386e+00
6.454415981223020555e-05
3.060957422063482255e-03
6.876102325547462507e-03
9.880242277583245469e-03
7.051929084259055950e-06
3.986460326487750185e-05
2.708895238049875991e-05
1.727900207276330743e-04
3.845964361442814319e-06
6.776131303219145880e-04
2.187373853639386911e-01
4.779503944371050750e-01
2.229032336590080175e-03
1.378868617409182568e-02
5.007404185226470572e-01
4.369142004843392518e-03
3.184934253143255845e+00
5.465997852011446945e+00
1.188540068883365587e-02
2.073610788102884517e-01
4.353561386536683914e-06
3.194645058295092914e-08
4.242750347112525831e-07
7.619210163862353983e-04
9.478781725298552480e-03
1.781434415829373898e-04
1.476765457513870688e-06
2.711392351958383102e-05
5.603778069717657009e-04
5.355559921091542202e-05
6.729333337428994456e-06
1.234202970105839137e-04
1.309242048065093801e-06
3.229876657549558827e-02
2.069968325151026051e-03
2.570049403119541902e-04
3.386119984835461727e-02
6.274827875812989675e-02
7.245886496575870694e-03
1.834732065535056464e-05
3.925253045380154848e-01
0.000000000000000000e+00
2.087965914421485991e-01
5.780842554009952838e-01
3.230828705343819635e-03
8.477164693452535118e-04
7.098239848511453051e-03
1.500820357973101180e-03
1.467338360184724383e-02
8.059800582153952642e-04
3.620430121801896669e-05
7.166621079021731622e-04
5.213696365630570827e-04
1.450487179471311983e+01
4.303180043377247799e+00
5.941349694851016938e-01
9.197165010370190075e+00
3.260720775791186465e+00
1.474392681817743023e-01
2.088811435793364701e+00
5.257739472934491905e-03
1.675985574301869785e-01
4.604525865865980588e-02
1.156372654171631681e-01
3.648284634530812864e-02
5.067409021385020640e-02
2.243787133919170340e-01
2.427712349162176441e-03
6.710979311184083196e-01
7.513999865601258090e-05
3.102499541533110797e-05
4.917440913523172391e-02
1.806227209990106776e-04
2.147056555659933308e-01
2.402028618716773624e-03
3.795963508226267413e-06
9.026330706832489184e-03
1.335573112461323512e-04
1.066909933483329616e-04
4.744278449528562649e-06
1.033917713827310332e-04
5.829446860374262295e-05
7.977105251959157328e-05
2.466926136052328294e-04
2.603332574808589006e-06
2.284906031993020606e-04
7.873434220510322861e-06
6.255221358267553256e-05
1.878458087469444968e-05
6.418894752708681008e-07
1.846696420245437549e-05
2.339203951903340330e-06
6.205325152807448857e-06
1.324098843329409303e-06
4.521760831768723993e-09
8.333132759759221707e-06
6.063341938346267066e-05
2.223055534532554273e-04
3.062079686662823511e-08
3.717353323498763554e-07
4.875207416284571294e-08
2.884618423786036518e-07
6.743857816594048138e-06
4.652984638938530857e-06
4.834676607349123106e-05
3.127279127253964589e-05
3.182535683220337518e-04
2.484699848421169924e-05
3.439622919196855250e-05
5.674048198306402248e-06
3.984954072630537649e-05
7.050322944445254174e-06
1.665921303380681312e-05
2.884127791055225788e-05
1.898881410227096151e-06
5.511003448021671956e-08
1.649191906449055117e-08
1.317520228061128232e-08
5.299062159462904314e-08
1.557239480047726554e-08
2.155147803664562883e-07
1.792493375521483503e-07
2.744446785435684551e-07
6.940194642848503703e-11
5.545895344005622500e-09
1.375024354275717323e-08
6.637805333420515511e-08
2.761695755584838590e-08
3.160323858113874277e-09
3.346232195588674070e-07
1.532370428019904395e-07
4.196980746659998323e-08
2.426236096736248885e-08
5.740855107919919413e-09
1.384800264201264947e-09
2.265859419670625378e-08
2.299128882158624666e-09
6.498985116095840568e-08
1.895603048740599519e-05
6.149813123126947986e-08
3.071680206045889512e-09
6.961261457534935496e-11
5.742814537294532412e-11
1.664296876603319702e-10
5.569702227858329425e-09
2.350045852518375453e-09
3.985130620582159624e-10
1.769027941273369906e-08
4.667162747849910559e-09
3.589679268283163695e-09
2.879079460257191982e-09
7.110627819268815651e-10
7.554993217407101927e-10
6.577274817759519624e-09
1.370489783862123177e-09
1.551569960825004628e-08
5.414800658259690573e-09
1.193325273454794659e-07
6.140860366249164425e-09
6.802991683677684144e-08
2.080592418310516039e-08
6.286490289615628526e-11
2.815831686564636514e-08
5.340734503003887586e-08
6.226903359370921606e-08
3.411055699519775457e-08
4.897228917691859001e-09
3.761974550802540753e-09
3.343745496967539714e-09
6.840057995919566674e-10
5.121148151896352367e-10
6.150869999421173623e-09
2.644890597471715239e-08
9.896883245452577913e-07
3.257983680075625500e-07
1.457627777848539102e-09
3.756073127558305543e-10
1.559465333602863712e-10
1.515274064903364517e-06
2.644940981375291001e-12
2.524061110867233681e-10
6.592860547110981799e-06
5.362142219238419383e-01
7.799534093289724190e-02
3.057843579361727016e-02
4.682419374255264999e-01
6.119628753404698918e-02
1.876091096623213572e-05
3.421625614874065913e-01
1.586410355173303033e-01
1.236114614870055069e-05
1.057011978037687358e-03
9.620606206913390190e-02
1.139180167468499538e-02
3.655055410371303715e-04
6.776634864969337279e-05
1.902325218555211213e-04
1.588971295439617056e-04
7.573135081830437328e-04
4.342021998921578537e-04
3.731069062634415854e-05
6.776263626517082918e-06
2.724152310652256824e-04
1.049677832641885940e-03
2.379239852667088960e-04
2.167294064798208197e-03
3.093224322429921082e-04
3.623606338868209020e-04
5.417466859704260377e-04
2.273014296402251009e-04
3.451650488227175212e-02
7.902052428582890219e-05
1.518963188039467805e-03
6.381143506082579851e-04
1.222718751217898995e-05
3.439020685502423342e-05
1.696284919274443795e-05
2.281071847421009538e-05
5.552266054757586559e-07
2.625535492994486239e-05
9.824669177903427164e-06
5.339009304051245405e-06
1.406285727022159554e-05
4.823117094470042468e-05
