154
157
37
52
155
118
158
160
31
117
97
169
56
100
167
51
166
156
96
115
174
10
283
9
112
44
83
73
144
162
45
14
120
286
86
111
141
159
164
26
289
143
84
293
60
74
163
57
2
3
138
95
94
70
24
35
284
290
119
287
98
137
311
172
165
77
54
285
67
161
177
43
114
139
53
149
99
17
103
88
75
134
32
104
294
33
46
68
65
42
20
80
82
64
34
147
25
125
72
85
168
145
66
55
116
22
175
306
313
124
79
135
113
12
179
76
102
30
18
303
13
148
91
47
11
129
6
78
314
61
173
292
146
23
16
108
48
27
29
150
110
207
40
136
152
198
153
126
178
38
299
304
1
28
59
312
170
308
197
4
309
93
132
130
92
300
297
310
316
87
307
5
295
298
239
7
50
184
0
182
63
183
21
324
106
121
189
90
191
101
186
49
282
181
89
140
211
213
208
196
15
305
8
171
39
58
107
288
151
301
131
291
62
209
296
205
214
123
321
71
81
176
128
188
318
206
322
323
302
133
127
105
19
315
317
192
203
204
109
279
210
41
238
69
193
274
320
190
200
212
230
180
275
319
222
202
122
194
231
223
201
216
221
264
187
217
265
195
227
219
232
258
228
226
260
240
266
220
245
236
215
257
273
261
271
199
229
233
263
244
248
268
246
242
185
252
241
256
277
254
259
262
225
278
270
235
276
250
251
255
267
237
272
224
218
281
247
249
280
253
243
269
234
142
36
