1.514279700197872442e-04
5.193625264716596624e-04
1.266241114032644333e-01
1.137970471530449779e-01
4.437132272755453738e-04
2.032672319458588993e-04
1.874982335926401794e-03
1.608778337451099777e-04
4.631927506009252251e-05
6.326144131305189156e-01
7.590447678352639782e-01
2.027102472290121318e-03
3.186363372726862611e-03
2.378380272709063482e-03
4.694500269086093747e-01
5.264296896949019087e-05
1.323187740015444730e-03
2.090861070958368456e-02
2.648405184962055597e-03
1.343850543624132136e-05
1.112062815970876403e-02
1.257782357982670891e-04
4.582869738512044752e-03
1.327189881535565351e-03
8.641161036461315892e-02
8.064427599309007683e-03
2.830353584498179753e-01
1.216190272206684950e-03
4.977266361437039958e-04
1.197145023213345462e-03
2.654085419406232438e-03
4.964905172575135417e+00
1.833198261352351338e-02
1.672104536169215228e-02
1.004683883880407025e-02
8.413778742967077673e-02
0.000000000000000000e+00
1.550745096568837056e+01
7.174375674416634497e-04
4.348936294891911857e-05
9.188553526266596402e-04
6.395498841171852330e-06
1.321114203596066537e-02
2.627908222999090701e-02
5.606009148623360971e-01
4.808371763948377509e-01
1.565162388133938681e-02
2.101553759537027818e-03
1.235569552601874363e-03
7.255473776908465859e-05
1.544792453605113775e-04
1.747559264059501016e+00
1.247600239764056340e+01
2.427430099411571549e-02
3.381724117211604846e-02
5.273558166733424181e-03
3.318577549991299502e+00
1.524827297381719238e-01
4.109801381492896955e-05
4.886690187176839307e-04
1.759325968383606831e-01
1.538852620186490980e-03
3.536894402089029208e-05
1.369914604447408646e-04
1.007532000952611299e-02
1.364060606289774040e-02
6.075862498441087466e-03
2.919028738333618797e-02
1.558203808736673829e-02
6.019848974044810094e-06
8.987667003469307359e-02
2.086926678491551220e-05
7.277812476620193656e-03
5.052693258402911614e-01
1.648909662460409098e-01
1.948038783811984961e-02
2.726251915548295445e-03
3.481426905500625141e-02
1.738116567442799399e-03
3.410639381812607170e-03
1.091778070673417485e-02
2.044345977836898323e-05
1.009955121786694152e-02
5.342335718376879372e-01
1.879282913039574676e-01
6.473524805477930480e-03
3.630564925718942626e-01
2.463521003014130920e-04
1.987184845944173911e-02
6.545044372099976778e-05
1.030246058888708893e-04
2.155994109346233509e-03
3.557234158568957491e-04
4.339095456377729289e-04
9.613005843533813100e-02
1.016467341057791796e-01
9.417198361910694704e-01
3.976079085016292147e+00
5.441224632428213331e-02
2.137933939193259469e-02
2.373517401035611041e+00
9.960786548044199009e-05
2.657724708606964102e-03
2.051689864928049264e-02
1.714017007061128389e-02
1.344789802898706832e-05
1.133016762489696689e-04
4.094604092408109708e-05
1.293769505664103207e-03
7.870434517683799343e-06
1.019572974677294876e-03
3.556575588087471096e-01
6.035582053091886889e-01
3.236374685494692455e-03
2.493365360765125230e-02
9.383255254179357907e-01
4.627912670435680581e-03
4.652410496877528168e+00
7.032555424437187064e+00
6.168918963832641100e-02
4.558276553625206784e-01
1.087542865333798096e-04
1.400863330914011199e-06
2.159068836475678535e-05
3.696556455034687595e-03
7.450053593528973249e-03
7.291198156445498086e-04
1.449362619349169422e-05
2.001521785696529039e-05
1.956300850294181645e-03
3.637024229537431908e-04
3.726693741723913461e-05
3.688487401405536798e-04
1.458953012136896938e-05
1.845947834463284448e-02
3.355640406971422719e-03
8.845904729935060015e-04
5.407547345971251695e-02
1.043833720642315804e-01
2.479123050062110450e-02
6.411568023962954969e-05
3.543722191999371662e-01
0.000000000000000000e+00
2.051162222578035155e-01
4.912971494110198178e-01
6.087134049010524059e-03
1.445836786427990911e-03
9.912385568586624951e-03
2.312043223919651221e-03
2.200992004883666614e-02
1.186490265838019897e-03
3.994350463842939210e-05
8.837682740117784900e-04
7.714398101816045961e-04
2.141142382040913361e+01
8.713233323571452971e+00
1.132641559628992489e+00
1.658636273853565868e+01
5.351334603043174099e+00
3.529966465508902473e-01
5.006046100465820103e+00
2.882387657875954204e-02
4.893133233971193596e-01
1.606716717391775684e-01
2.971273783970256321e-01
3.807574735162542329e-02
1.469052059657997455e+00
1.946243260692350763e+00
6.428304134516880410e-03
3.941972563912528926e+00
4.506575729876732372e-04
4.439579490110050664e-05
3.852015243166579533e-02
1.507653394147845513e-03
8.948063936982384448e-01
4.481321651290191832e-03
2.037926823552034582e-05
2.827055855096887241e-02
7.205625796323950364e-04
2.903745973927339928e-03
2.705728744038167165e-06
7.107660402095805565e-05
1.475312287782931924e-04
1.279044425552317466e-04
1.537410301351318208e-04
9.387573526766984063e-08
7.969442793898727875e-05
4.971003724400533598e-07
1.928189739397912113e-05
1.051667325541931708e-04
4.957063659008265279e-06
1.004074787490305884e-04
9.664800506204102034e-06
5.805102769883713604e-06
1.389430310533382822e-06
4.498447754076926476e-07
5.371308320408924719e-05
4.483724495182825104e-04
8.194591711241282434e-04
1.325328753952143330e-07
4.859141239259795991e-06
9.560870075677103093e-07
1.459223851312899218e-06
8.716587453705883185e-06
8.604947866195722392e-06
2.695422295578775307e-05
1.868648640889373705e-05
9.547779910986291339e-04
5.387410768219084783e-05
3.071718995983112663e-05
6.980811017396381544e-06
5.920617477335256453e-05
4.092139961098227630e-06
5.518289615054484509e-05
2.533823397906706515e-05
1.585392096441788844e-07
8.914611187559296261e-07
4.704417038545868461e-07
5.829079945576610937e-08
3.773236295337259705e-07
1.964956394204122323e-07
7.626336469227190316e-07
1.504741787424005884e-06
1.127416430914033770e-06
5.947721250557748735e-08
7.751836130990843663e-08
2.597488616833723422e-07
3.981786162850384898e-07
3.264188751483244450e-07
1.293141386616792289e-07
3.187635886270714410e-06
1.329432010756028573e-06
3.717625671380894878e-07
1.250411285997120608e-07
2.282369569290530534e-08
7.086410851719621307e-08
1.618549168579274342e-07
6.110288921277885424e-08
6.152325348590059662e-06
1.609074407043403537e-04
2.039364263731757081e-07
9.028408333840717184e-08
9.493935856453069301e-08
3.836010420900482464e-08
1.109272597931682671e-07
1.677302007700599578e-07
9.622629330002442504e-08
5.086406520514502270e-08
1.108862003613332326e-07
4.994969729933128575e-08
6.966791606729748093e-08
6.929802330210252638e-08
9.344611135702828570e-08
4.374638480677574445e-08
8.297230770913632625e-08
6.659550445590726196e-08
8.920335969452624012e-08
1.551836459285389882e-07
3.693845956290047428e-07
8.273682435842290992e-08
2.242568104172017834e-07
1.411358630779203674e-07
7.764868957856232700e-08
1.150349272192190194e-07
5.896863751003530366e-07
4.600730604756598209e-07
2.006342809301533542e-07
6.374065436381404822e-08
1.091055629924661985e-07
3.246670423444119061e-08
7.348776112603688385e-08
1.347136785389277247e-07
6.061722196450440016e-08
1.501985218248646028e-07
5.759765395503049734e-06
1.890827837677740747e-06
7.078607669020303065e-08
8.747016061036294186e-08
7.700413965348825526e-08
7.675894640719278035e-06
4.966561595683303663e-08
5.288759326053553845e-08
7.200622401314314680e-05
6.903325053396237587e-01
7.752880214262100611e-02
3.194873221827868731e-02
4.425839666182238008e-01
5.454853817894252110e-02
4.092614580309245325e-05
2.771293026350084565e-01
7.228451941615114673e-02
3.670015199086722988e-05
1.478419185314207469e-03
1.765740469119733702e-01
1.689784771914099037e-02
1.646256876609233520e-04
2.697265792667561228e-05
3.018585869205474910e-04
1.620178891683760850e-04
7.021492268134000951e-04
3.161394384633475015e-04
3.774206406634868764e-05
1.523685639239212201e-05
2.404954754693270930e-03
5.844246420162510893e-04
4.886934662182900667e-05
4.127808499680544509e-03
2.452674449621084678e-04
4.505677252849192788e-04
4.365266243566258224e-04
2.992234000403735396e-04
5.301565794557625000e-02
4.655235964510884110e-04
3.727419508384293909e-03
1.704137142363446435e-03
1.332645143190618879e-05
2.630763062744906865e-04
1.300370857161144383e-05
1.887449695481408765e-05
1.865002335846979621e-06
5.701362056494734746e-06
2.137602532479239333e-05
1.646532304870193736e-05
1.620792814295499840e-05
1.147933883642396493e-04
