154
157
37
52
155
160
169
31
118
117
56
158
167
166
97
51
10
174
100
156
73
115
162
57
283
120
159
9
96
83
44
111
164
163
45
112
74
293
144
14
70
286
35
141
165
86
289
84
143
26
60
119
138
67
77
32
161
42
24
2
137
139
95
20
3
94
284
33
311
68
75
40
98
53
103
239
55
54
287
168
172
17
38
22
46
78
114
82
285
88
34
149
104
106
290
43
294
72
80
130
89
134
61
39
173
99
124
126
65
147
136
48
146
145
175
125
64
211
238
313
129
11
30
121
85
91
306
25
66
113
303
123
81
170
135
79
59
49
152
116
76
148
18
131
108
288
230
213
208
314
233
47
105
292
179
177
27
12
6
69
153
13
150
274
272
23
102
196
110
217
90
128
93
316
231
312
264
29
5
268
92
291
245
16
50
71
275
305
234
299
207
222
254
308
244
201
1
132
28
19
198
310
127
248
21
122
229
243
140
109
191
171
297
63
4
101
226
309
304
209
133
246
197
107
307
298
324
216
235
7
58
273
178
300
282
183
214
176
41
87
189
190
184
249
205
186
202
279
250
320
200
151
247
269
265
182
15
317
295
8
251
237
223
276
302
260
322
241
62
301
219
296
192
270
321
188
315
318
220
195
204
206
210
203
255
221
252
323
277
266
253
232
267
227
240
271
0
319
228
261
212
193
224
236
278
180
199
258
263
218
194
185
242
181
259
257
215
256
262
225
187
280
281
36
142
