1.250737954958515378e-06
1.560658173937211671e-04
2.829654442595502459e-02
2.047474933418261603e-02
9.167146504807483452e-05
2.916476779993704810e-04
6.239220731148421503e-04
5.434317986307209982e-05
1.466231576623589869e-05
1.756595967422686921e-01
6.258392944332437091e-01
2.022575173581846360e-03
6.319401710420642984e-04
5.206385658504146183e-04
9.279579151078488908e-02
1.831948877337293965e-05
2.253881360442121684e-04
1.054746246602475228e-02
1.035866465310709755e-03
1.414884489429324150e-04
2.062538994589928343e-02
1.309094555950161842e-04
1.040987998241323792e-02
4.985910844861945676e-04
3.277510440721379675e-02
1.810098001957089441e-03
5.128828939224674976e-02
6.392037288594549669e-04
1.466182072654735537e-04
2.969409723509198735e-04
1.983837649343371187e-03
2.424763757275250953e+00
3.780723381808169525e-02
1.686658501563184295e-02
8.158581301417599033e-03
8.618525630045027752e-02
0.000000000000000000e+00
5.544972947551671361e+00
1.041655282180512648e-02
4.763584837201056271e-03
1.509390245287125024e-02
4.384764777620056786e-05
3.351621947565956716e-02
6.505123244551136094e-03
1.443092145630994749e-01
1.294574529586739742e-01
9.808615539549498524e-03
6.852151705323234832e-04
3.381312622083827192e-03
1.326415719941902811e-03
2.059715206231964334e-04
8.692673490327956776e-01
4.468891779720644664e+00
1.349972709036644652e-02
1.231309154584046481e-02
1.254920860483109760e-02
2.108090562533996959e+00
2.264973501359089925e-01
5.374011896154606892e-05
1.335589122369555985e-03
4.729694984819504677e-02
4.801367078720870062e-03
9.475185536037022518e-06
1.057675425479110223e-04
2.722453825112709173e-03
3.900761191166717858e-03
1.797806956422715432e-03
4.103438234414805152e-02
1.560970313242891934e-02
5.718680518622379274e-04
8.919788916302946735e-02
2.029439748917539652e-04
6.253686869659240942e-03
4.849109820536467996e-01
1.181019521730062999e-01
1.524782893709510263e-02
1.111935297444992341e-03
3.830255970225893147e-02
9.799222634112297187e-03
1.393411732412549011e-03
5.717359999457709285e-03
1.448985391555000302e-03
8.641148755254759312e-03
1.486793551892091059e-01
5.405171697324606672e-02
1.874459092131716730e-03
7.117086906354062881e-02
4.357632726663101527e-05
8.196975096728087787e-03
5.045671111962054915e-03
4.165271828127856666e-04
1.859683222109172846e-03
2.608151468412761879e-04
3.590486183400488636e-04
1.858091390969919543e-02
2.190891873247080915e-02
1.753081983447601910e-01
1.060101601297311236e+00
1.509357557046062635e-02
4.465393151896344254e-03
5.945280418446151627e-01
9.028423928121779673e-05
4.809285544106483450e-04
1.306671324022802561e-02
7.630558301852032911e-03
6.790423987517077951e-04
7.256696345856753806e-03
6.341470617797342402e-05
1.021978376560847817e-03
1.167639845981967224e-04
4.200593602541549286e-04
1.406257338591914707e-01
1.253561198756653894e-01
1.645678125602597144e-03
9.478308788253803768e-03
3.628415301878902821e-01
1.143874162400504739e-03
2.108472712907928592e+00
2.160611995298154397e+00
4.491250280139835738e-02
1.995897176581175880e-01
1.896329134338095102e-03
1.292728327518275562e-04
1.482630992262955151e-03
4.358419651196300537e-03
2.725060992510115829e-03
4.323679660886469225e-03
1.334565072535697189e-04
3.746466564371518323e-04
2.186724937714177707e-03
5.626443720080679181e-03
1.022799919316183526e-03
1.542407551347533526e-04
7.599805994890971423e-05
4.844510413689646564e-03
1.408731008886852064e-03
3.492233645398269085e-03
2.766443529271048196e-02
4.456171911241469524e-02
2.334452065049142516e-02
1.202763392801076418e-04
8.179825701268488014e-02
0.000000000000000000e+00
5.307257929697113685e-02
1.009904732864213978e-01
2.886591290729016799e-03
3.059861974396463347e-03
3.643341715465695397e-03
1.063371060043455255e-03
7.795370525815475612e-03
5.161196255699509799e-04
2.140412378284382169e-05
1.158307095146083633e-03
5.398110627862196496e-04
8.262198012977197692e+00
4.413579492714527319e+00
5.593697512934775462e-01
6.924897155658122472e+00
2.084745449250528626e+00
1.970962542647557714e-01
2.539935009806305377e+00
3.728123318446006917e-02
3.122356487144187231e-01
1.345722672144636645e-01
1.365033850688906758e-01
8.150721656952167327e-02
1.332075617290755520e+00
1.634505466093036485e+00
1.126292200820929248e-02
2.476135464719437795e+00
1.416551739631973991e-03
1.150436185742625614e-04
1.098121645915490011e-02
4.581596115849501279e-03
6.182070859335794255e-01
2.850767850078023309e-03
4.629758846425085307e-05
6.416664431901474962e-04
5.216450820059553546e-05
6.564253553922893593e-04
4.948883478585871042e-07
4.407023884743872235e-08
1.926361247025649282e-05
4.883503539485758641e-05
3.930820666502082763e-05
1.583506340603932461e-07
2.829024202281329813e-05
2.696962073700100557e-09
6.759976210739452526e-06
4.237502334445344553e-05
4.095033555048647084e-05
1.162433305417691858e-04
7.692839313635683879e-06
9.399382664615796935e-07
2.501954032722271818e-07
5.225065555592569689e-06
4.645531843527611203e-04
7.002447903454883681e-05
1.387787998899513587e-04
3.407224718243062194e-07
2.163539535967529468e-05
1.584438075313788705e-04
2.546109975413422572e-05
4.279796790310678646e-06
5.030498142803991587e-06
2.842241681056622857e-05
4.967539016195046649e-06
1.707454518076077169e-04
8.664580602637932680e-04
7.715201112749020117e-05
4.475476644127599743e-06
2.604116716535106058e-03
9.888568144121359627e-07
8.851311780096108965e-04
4.631795940753799724e-05
3.032754330299340152e-08
5.461555413866840772e-05
4.198796244293669469e-04
2.717500509731572690e-07
8.256329531860010889e-06
6.487260999115792158e-06
3.685794012519455892e-06
1.632394956957611580e-04
1.346625891384109743e-05
7.368432060603678350e-07
8.985241179679173209e-09
8.943226402809008834e-05
2.017680341555331653e-06
1.117109621241089853e-06
1.234397676840339722e-04
9.490425350805002918e-04
3.231094310224633527e-04
2.294407357166277131e-06
7.272990928818937354e-04
1.828292941032644953e-04
5.443185475273633073e-05
6.674308831083248882e-07
1.385527575317601743e-05
2.450681338401925098e-03
1.302730485714544660e-02
1.621136032602010961e-06
9.691430829970712460e-06
5.403516212150379171e-08
1.233729203191801145e-04
1.586840586348144252e-04
2.290789937802322504e-04
7.558369270664108263e-05
2.022406055325010892e-05
1.329340921429374839e-04
3.569995112864877317e-05
2.406012214022930674e-05
1.399177431329188238e-05
3.670344025240599039e-06
2.744401844590898075e-06
1.607939181841531702e-04
3.993256326066026772e-06
2.332229811887501689e-08
3.379020772322170788e-08
3.218533775235570018e-07
3.666017234879819580e-08
1.123631238007184439e-05
1.029384152440760103e-06
1.151403528469548717e-08
3.136385846807867899e-07
3.043073332935611244e-04
1.985711765714098440e-05
3.053329156321949117e-06
2.287959133984227972e-06
2.795205768572182501e-04
1.997086795669941278e-05
7.524115809095422234e-06
1.263754360395275665e-06
5.057005800385716305e-04
5.361701764861601972e-05
5.134223577833895357e-04
1.869048406824401368e-04
1.274476950279092299e-05
3.152436263669958619e-06
5.877898010779418184e-07
2.441072802693801925e-05
6.443774521873792641e-10
6.424674973359204783e-10
4.898066360547429795e-05
2.041094248964934188e-01
1.687708515600689838e-02
8.536806357831380060e-03
8.868258119592754840e-02
1.219868096042157381e-02
1.001830822551013842e-03
6.325928405210112793e-02
7.242265397238861063e-03
2.514081369669283615e-04
6.618170070766360262e-04
1.133407815347084319e-01
6.492419137907602146e-03
1.684828334746746304e-05
8.049604951185228996e-06
1.080896723608142562e-04
6.109590916236359544e-05
1.825448186658378718e-04
5.023683623778658181e-05
8.517611425122693388e-06
1.219579982162042735e-05
1.507104863707762858e-03
8.071956721094043178e-05
1.868109311796416769e-04
1.853263102784926579e-03
6.226090689873199136e-05
1.602312063666636304e-04
8.845588657618316071e-05
1.356362462356748219e-04
1.679927028513177045e-02
3.141118981304208933e-04
2.233132719337244370e-03
8.609847176765883731e-04
6.719863693450701292e-06
3.315977152313456019e-04
1.735611369783888170e-05
6.690182419040459148e-06
1.140405900180653422e-06
2.231810174515961882e-05
6.999504594384359840e-06
1.039406645203617593e-05
3.332076565100579494e-06
6.028510468064391011e-05
