154
157
37
118
52
155
31
97
117
158
100
160
169
115
96
56
112
286
156
10
86
44
83
14
45
120
144
283
26
9
57
167
111
141
174
94
289
84
162
35
166
3
164
51
143
60
293
159
2
290
95
284
98
88
74
311
172
163
138
287
33
24
134
285
165
119
114
34
70
43
32
104
77
73
137
99
294
53
54
17
103
149
139
177
25
46
161
42
80
65
147
20
64
85
125
306
75
116
145
82
113
146
55
79
66
22
12
68
18
72
102
313
175
168
47
303
6
30
29
13
91
76
11
135
16
304
67
23
4
27
314
292
87
309
148
299
110
150
78
152
28
124
92
153
300
0
308
61
305
198
295
307
1
297
129
93
108
207
71
181
178
49
184
298
59
136
38
312
310
183
126
7
179
197
40
48
62
173
50
132
130
301
101
205
323
324
315
182
318
186
106
5
63
8
296
15
21
321
316
151
107
170
211
171
188
214
58
320
209
322
140
239
90
189
302
288
128
206
191
282
291
208
204
317
196
213
131
81
105
193
176
180
109
187
212
192
210
19
185
69
121
203
194
215
39
89
133
41
279
127
319
274
190
258
200
230
221
227
275
123
202
223
240
260
267
222
218
231
234
228
244
278
242
237
255
281
263
238
269
271
249
199
232
243
216
201
268
219
264
265
256
235
250
217
276
266
195
277
224
257
226
122
270
272
259
280
233
241
251
273
225
236
261
245
248
247
254
262
229
220
246
252
253
142
36
