4.900374174034444067e-04
3.896938804222614466e-04
1.151863991516239305e-01
2.046551252723811942e-01
1.146832717550149263e-03
4.775403616211564391e-05
2.088335413581998267e-03
1.432803329843076589e-04
4.717145220634917516e-05
3.902349905263612917e-01
6.178982903761806034e-01
1.786305463846008662e-03
3.285103676173430770e-03
1.969580626596646386e-03
5.115507568615872414e-01
4.374317952864707320e-05
1.589575432082677769e-03
1.685652219571256993e-02
2.923768565045269455e-03
2.651021494024029422e-06
6.962377825066557238e-03
3.765664600885528266e-05
3.408205311307466439e-03
1.252336368577397496e-03
4.465603997689111121e-02
1.087007477364006387e-02
3.951164317371284040e-01
1.020468793671508575e-03
5.961625753595336868e-04
2.031928842375029225e-03
2.069660781812039663e-03
4.185598833684390563e+00
2.448828801761555873e-02
4.512771476557712880e-02
3.412122269213360704e-02
2.248828108289312178e-01
0.000000000000000000e+00
1.079541184201523585e+01
1.696978378928336328e-04
1.613309963685418330e-06
1.225904877213493947e-04
1.066901691702780269e-06
1.016170622709285098e-02
2.674242618396455509e-02
5.870794670589772890e-01
5.006016395590648926e-01
1.083243629138055768e-02
2.393945326859354007e-03
1.182157437636451470e-04
2.208138556820964289e-04
1.033438736310935367e-04
1.620726554960860988e-01
7.635070730686662088e+00
1.794317601235206200e-02
1.705067425386453533e-02
3.740380178793369613e-03
1.036525066624872649e+00
3.847389177303982000e-01
2.205756711015783428e-05
1.877797814181439559e-04
1.432414306268851023e-01
4.693560369321676481e-04
1.117219280838649371e-04
4.755601630552169459e-05
6.403353109754862833e-03
7.950929703929491763e-03
3.413662294330302785e-03
1.281115534631718659e-03
2.968906547439204100e-03
2.640727501642594872e-06
2.728139522365683259e-02
2.818259053569570805e-04
2.916191835038694277e-03
2.145328817046909808e-02
7.847789866544081783e-02
4.789484429977724535e-03
1.799587117904312677e-03
2.374751466535992422e-02
6.766363836756834459e-04
3.693740991968622739e-03
8.933418259577888959e-03
6.407241309419570216e-06
4.191830028894603412e-03
5.387131732608657630e-01
2.645323997300184637e-01
6.251127206443330732e-03
6.175336311533959899e-01
9.275304425852033815e-04
8.584349438493149576e-02
1.406498010597825461e-06
1.760497657614495587e-05
1.830746944033019574e-03
5.554039024638115747e-04
3.453269753160359079e-04
2.857692004473645908e-01
1.066652310536889969e-01
1.114968632347834943e+00
3.745649358587732181e+00
9.103025793688962475e-02
1.912226890406498389e-02
2.527175225078099885e+00
7.087926584671275026e-05
2.904737384197932700e-03
1.549377923545908024e-02
2.378064115165573825e-02
6.263569647455385407e-06
5.162815943564997933e-05
3.267070366093800658e-05
3.448375512112527674e-04
4.703085281705404158e-06
8.006271654401298475e-04
3.371178219122588637e-01
9.030918924624783406e-01
4.019138920571841203e-03
3.602227291969502254e-02
1.326216112187283969e+00
4.284644555137900705e-03
2.987719530206263574e+00
8.511409754198677291e+00
3.636893593407738295e-02
4.700970525796662747e-01
2.403662835020591720e-06
5.019848646901421310e-08
2.058768696956153647e-07
5.563192790920298662e-04
5.182325859065139116e-03
1.480492926973307603e-04
9.364921615771136108e-07
1.428505619728743900e-05
3.471641693647534079e-04
8.806322518009786215e-05
6.451606171210274055e-06
9.380030788602386222e-05
1.156202458447059397e-06
3.994257483435185996e-02
1.771631615605237433e-03
1.791694100267879591e-04
1.946358186992729750e-02
4.876356235867358030e-02
1.298446166835025110e-02
1.789511513244267660e-05
3.299011886098329183e-01
0.000000000000000000e+00
1.559251981618482163e-01
4.640438401519108580e-01
4.217064660356139097e-03
3.862106148924661364e-03
7.101582473415097435e-03
8.226339400990702279e-04
1.450531340019520221e-02
7.941233201645242186e-04
3.271979415386663326e-05
6.018762497686675492e-04
5.306773092088233829e-04
1.563561580417911578e+01
5.743806237978003715e+00
6.777539355657113962e-01
1.308341213071289033e+01
2.539913905528865534e+00
1.294793360592293996e-01
2.481848072670982841e+00
1.021732215855517163e-02
2.338671844580833548e-01
5.958211681035220642e-02
1.996681268034888046e-01
3.680786171405500684e-02
2.190617247944727231e-01
3.685292702208117221e-01
2.496391352612194799e-03
1.358892272744182561e+00
3.161413629835092788e-05
3.076633727643692564e-05
7.003149725280220783e-02
1.080062621300812407e-04
3.267189959091964524e-01
2.709297591749096172e-03
6.022786224767477245e-06
1.154201675207721343e-02
2.281418046056369285e-04
1.375194808182832011e-04
5.249067144409691726e-06
2.551493338381795729e-04
5.756000730160429238e-05
1.546275017979878549e-04
2.205454889618473535e-04
2.641720673322506074e-06
5.393660531670471257e-05
4.523554186782745497e-06
2.804310864992739223e-05
1.671153560352368032e-05
3.763314720477974620e-07
1.183922489986819171e-05
2.988057686388919685e-06
6.092894879956874793e-06
2.087634240911706283e-06
5.640359938579337287e-08
7.185215644218936671e-06
1.363568055251740364e-04
4.163796475591591598e-04
8.207305783256700567e-08
3.157436377130223344e-07
7.002382925707675668e-08
2.014883605299327098e-07
2.388899128988963400e-06
7.554818660637756092e-06
6.790226385335614392e-05
1.316738297926133900e-05
3.326519272935816529e-04
8.202070987033451552e-06
1.896983601424652262e-05
2.705480599876173639e-06
3.137780323372478053e-05
3.907338822775035420e-06
6.817674991721901175e-06
2.358787366776783729e-05
1.982469259407733340e-06
7.317346972830871659e-08
6.118779866778616447e-08
1.505409422693584617e-07
6.851405641287565391e-08
1.978264473667411796e-08
2.526912212361584009e-07
1.548452386663828401e-07
1.968718616883333469e-07
5.316237613648857691e-08
3.937316993540678202e-08
5.151947084707532924e-08
2.290668501504597669e-07
1.217090552790134560e-07
2.107632759331576338e-08
2.872797575900359852e-07
1.466542449169394458e-07
8.124519354337573441e-08
4.229547120960904007e-08
1.357515357442292376e-07
6.309584689570677760e-08
3.670093207041918625e-08
9.679426072113158782e-08
9.071606119679690799e-08
1.772931346701110933e-05
1.941139461161132646e-07
4.067127418131661585e-08
1.011282902414346024e-07
8.052738781951029709e-08
1.113427656565753137e-07
3.221490337360495113e-08
1.823163336592665677e-08
2.857976689262735108e-08
3.219880775129293633e-08
8.317241545533534091e-08
6.171274940647335762e-08
4.036229137984623204e-08
8.069588024434594173e-09
7.993472827427622665e-09
2.253389499091389884e-08
9.613179982986913708e-08
6.627927047749564085e-08
5.290230998481186452e-08
3.443033727858058941e-07
4.417229378990247169e-08
1.808379620526424778e-07
3.388740266690733459e-08
2.238722418323424597e-08
9.245093869557977556e-08
6.664413478593810927e-08
6.635796078531499485e-08
5.922796089561597102e-08
1.600087460149408328e-07
6.968581280584455314e-08
8.496591836923252916e-08
4.559500447429329990e-08
8.461177582702610312e-08
4.513492699959712339e-08
3.966461552836528020e-08
6.987530443722151930e-07
2.197580905911103170e-07
6.084123894648052969e-08
5.524063245126541190e-08
1.112844158823611057e-07
1.047839093085854820e-06
4.271234674427171414e-08
9.374030218095522322e-08
1.064924743895173635e-05
4.207036700254030426e-01
9.407715573044975188e-02
3.695329438241761605e-02
7.216756043760165218e-01
4.535710596927482186e-02
1.448527755180670531e-05
2.708052463823417688e-01
1.124294028916983657e-01
8.956944731816008151e-06
9.670584312649490146e-04
1.302111445227552289e-01
1.836046031880246912e-02
4.076499310166067447e-04
4.684611900987732972e-05
3.499028702150579163e-04
2.140768635729799457e-04
8.079328353348584971e-04
5.269387670440528557e-04
7.739316812141941036e-05
1.624277833460195425e-05
2.251735477887233626e-03
1.567423270945794526e-03
4.278906450824818413e-04
4.922129084571022842e-03
4.010893675157894294e-04
4.736812646279458519e-04
8.537831411288534979e-04
1.560932820098343465e-04
7.547488105389278668e-02
1.638924337993040502e-04
2.727478602607872216e-03
9.792137006510456907e-04
6.057433547362526513e-05
3.331575384459315543e-05
7.244922339041589014e-06
5.692451940976705419e-05
7.996330213386792098e-07
2.179772592691661578e-05
3.397425729671630550e-05
1.859666831883782806e-05
6.432786891499144108e-05
6.244761364066812545e-05
