154
157
37
52
155
118
31
169
160
117
56
97
158
100
167
115
166
156
174
112
120
96
73
162
10
44
83
286
45
164
86
111
283
14
26
35
51
144
9
141
159
84
94
74
289
293
163
60
119
143
3
2
311
32
70
95
24
284
165
33
138
98
114
172
67
57
77
161
53
290
34
139
287
103
285
104
75
17
137
43
46
134
177
294
54
68
149
99
82
80
88
20
65
147
42
25
306
168
145
64
72
313
303
85
30
113
66
22
175
116
18
125
79
179
47
135
314
124
12
76
102
13
55
173
91
78
108
61
29
6
23
207
27
129
198
292
148
110
16
150
11
178
312
304
48
136
170
152
4
299
197
126
153
309
310
28
308
40
130
297
59
300
38
316
146
71
1
49
307
93
132
183
305
184
87
191
182
298
295
92
239
5
196
324
106
205
189
21
63
62
181
7
282
101
0
58
317
90
121
323
315
321
140
50
301
322
15
89
211
107
318
213
131
151
302
291
8
208
214
176
186
81
209
288
192
279
39
320
296
204
171
123
188
133
200
193
69
206
127
128
105
109
19
190
238
274
319
203
202
180
212
41
230
201
194
210
222
275
195
231
260
227
232
258
122
223
228
247
221
263
271
216
226
240
278
243
187
217
264
237
270
219
245
262
242
233
251
215
276
252
255
265
234
246
272
248
250
269
220
256
266
244
273
259
254
267
277
249
185
224
218
235
281
225
236
280
229
199
261
268
241
257
253
36
142
