1.011890181712402927e-04
3.059610257508432372e-04
1.212081193696089437e-01
1.471802902558563275e-01
7.315013294630978236e-04
1.517928890424845821e-04
1.452672286365810743e-03
1.104386682074918498e-04
3.262584771052493162e-05
3.561387045854185196e-01
6.636261998739324541e-01
1.039806820020259268e-03
2.673627766313971515e-03
2.008355727955353411e-03
4.735403853918226935e-01
5.400618487913665566e-05
1.106876529631946934e-03
3.145045717927071743e-02
4.004046830513230924e-03
7.255890916940272573e-06
1.093090652961252289e-02
1.301358426305480463e-04
4.753996301662378153e-03
1.420221591559133649e-03
8.955910197070904299e-02
8.629536850287796920e-03
4.466501318256508313e-01
1.353050074696220085e-03
5.509403800344583099e-04
1.484416054600854991e-03
5.465426777305280696e-03
8.704749960227971428e+00
9.353337412299497777e-02
8.357557081785986497e-02
3.906924132631840740e-02
4.265540538953945804e-01
0.000000000000000000e+00
1.560605987402951200e+01
3.855054202998784135e-04
2.088737693930164241e-05
5.133413446950222574e-04
3.176665179432248548e-06
9.232933947002612204e-03
3.026453059079029298e-02
6.400487465262733044e-01
5.929556130043351914e-01
2.986546725759830004e-02
3.113374784817862524e-03
7.766459266045816533e-04
3.033355468782301012e-04
6.189154708396464523e-05
4.062501514205403841e-01
1.272418750228690776e+01
4.054031797810393051e-02
2.442067583980363568e-02
1.781934599617035053e-03
4.881268731080754542e+00
4.625495277657703380e-02
9.935516464280523508e-05
4.318202717227652963e-04
1.553015844601341455e-01
1.556970623636360187e-03
1.257633819453784639e-04
1.284807000614890740e-04
7.408883181660380970e-03
1.073517120068134302e-02
4.808798289548939925e-03
4.772654607427329054e-02
2.321986926864444759e-02
1.272800627979531519e-05
9.136847470412808037e-02
3.331064251567318743e-04
6.800780222551834793e-03
7.187652158234006938e-01
2.139634633087574844e-01
3.166093091659396425e-02
2.617606301222452983e-03
4.614012198026962164e-02
1.593129001015699880e-03
3.576974439124251844e-03
1.334731364757999438e-02
2.448810645103515781e-05
1.514432173150668560e-02
6.312644330000469761e-01
2.733992377984850175e-01
6.017436866065818159e-03
5.009928306211903770e-01
2.146861490387030479e-04
1.240072297307441042e-02
5.227025653223843070e-05
8.136434638693774415e-05
1.613618685069653823e-03
1.602703637778727698e-04
2.939829328797371414e-04
2.295638844061301254e-01
9.073946111301378625e-02
8.190032683109862433e-01
4.823579822858466315e+00
7.335474851336944158e-02
1.836033119449049025e-02
2.907350379836286969e+00
1.038974337707644364e-04
2.318047244924961552e-03
3.635459094128404983e-02
3.232505977964046651e-02
9.044393443929854348e-06
1.393058590308423586e-04
4.377587073363781417e-05
1.592215586851733347e-03
8.841520045511959148e-06
1.119879771839091395e-03
4.954602138016743207e-01
1.212107349864001149e+00
4.838083000088881994e-03
5.919392839467516737e-02
2.255350852241965853e+00
4.207596454517205202e-03
5.205858822044850065e+00
1.120297950991025182e+01
1.499464346543427085e-01
8.677401327361710104e-01
7.825659686060413070e-05
1.147076228553848110e-06
1.420065987270037889e-05
2.923089620455127623e-03
3.921062739134490924e-03
6.405351397170178139e-04
1.176944426468893253e-05
9.481532203564158471e-06
1.295830897890329131e-03
5.019285617744263578e-04
3.825968559717582705e-05
2.730972483372129671e-04
1.385836075263262274e-05
2.756950179684260205e-02
2.939958935058914740e-03
7.591216090599964186e-04
3.064588352098880988e-02
7.950915910730629865e-02
3.869558437042967813e-02
6.459989443119732930e-05
2.877841937161996211e-01
0.000000000000000000e+00
1.476386038524238331e-01
3.729559097432781911e-01
7.417640127572756696e-03
3.437505116079014227e-04
9.413163824234946353e-03
1.210982854251417638e-03
2.270665716987699603e-02
1.102860938785413334e-03
3.732889688652487253e-05
7.411436471447205038e-04
6.290436394325004668e-04
2.340641208187512845e+01
1.135521988174490815e+01
1.216594787095533370e+00
2.241552523618142345e+01
4.150949796643693901e+00
2.832513612654075086e-01
5.574446556964274713e+00
4.579368970856353971e-02
6.791495672340124301e-01
1.900451566515619639e-01
5.344190314139123377e-01
8.384409575516202362e-02
2.168117219766064530e+00
2.605920808413917378e+00
8.115927389482451709e-03
5.699068275535309702e+00
7.459441185009292423e-04
1.546325988675627781e-05
4.890722256508688720e-02
1.747939332812719227e-03
1.215177476078779462e+00
4.548544464524170716e-03
2.879481327621080647e-05
2.594701245397628905e-02
8.324434060862909894e-04
3.218735185685465613e-03
3.381699343052021381e-06
1.182283770584164251e-04
2.060693855592730071e-04
2.543434931527775939e-04
2.175432697637532471e-04
2.685657266895268890e-07
2.688793773306516740e-05
7.893778307573243841e-07
1.386886727321509859e-05
1.349552035242021280e-04
7.185999104507095363e-06
2.078378255240262494e-04
2.314965059031261208e-05
1.307430199233437551e-05
2.467381133440642993e-06
1.445738436426070561e-06
1.479743423689997310e-04
6.875770533064060356e-04
1.270014300678339730e-03
1.917443746126172207e-07
1.328867818185165338e-05
2.551964096441918766e-06
3.598773023716131455e-06
4.128250220059029073e-06
1.811708586217627211e-05
1.355827958706333166e-04
1.200044162417278850e-05
1.406617922350356011e-03
3.163124113525256944e-05
2.448615428472094028e-05
2.292903145579904985e-06
5.034939185282774171e-05
3.224061413701289358e-06
4.079202408867004903e-05
2.880373541927388459e-05
6.534539851741259605e-07
9.454042577592056550e-07
7.833341760355712230e-07
2.457549337576060553e-07
7.048599104971394832e-07
4.700430693831945897e-07
1.027075381951094580e-06
1.593130097766838892e-06
1.133708978067345688e-06
2.543787425043440316e-07
2.196240434833067879e-07
9.043133201642005152e-07
1.298368144213934466e-06
1.067947687874017569e-06
1.950451074485519898e-07
3.102468388618432773e-06
1.441443695328588729e-06
1.228398460127307451e-06
6.782453201898856150e-07
5.980208692650865112e-07
2.373961739362488457e-07
2.189562561420380228e-07
7.157430114229133257e-07
6.117869616172880496e-06
1.522198853772812970e-04
8.484032397822051718e-07
1.253865430254738472e-07
6.866312746486881825e-07
8.045033870431679640e-07
4.161249811309470182e-07
6.939740284380927062e-07
5.842601925297796953e-07
1.038603884216498236e-06
5.001011647766470226e-07
2.761395007589426548e-07
4.834992175566108932e-07
6.663472861738660951e-07
6.308308795517781767e-07
5.493121424437046714e-08
3.372123915704422043e-07
6.198789007483250176e-07
4.391799457722684243e-07
6.522305526310264978e-08
1.189406903245626793e-06
3.515656026679017828e-07
1.366246532038075998e-06
1.912855060092084040e-07
6.917328908252605632e-07
9.650058868870510608e-07
7.822514663604205965e-07
6.164091232737240905e-07
4.186575720497923537e-07
3.136872903772205262e-07
1.767625097797747179e-07
4.724903660587908316e-07
7.136573808477596201e-07
9.576631162879005574e-07
5.482741257424841537e-07
4.046498905989489465e-07
5.101566018254982932e-06
1.474676210447142482e-06
6.327280693683412356e-07
2.983652418555928895e-07
8.128831499168796530e-07
2.215349496269954237e-05
2.020710119132000611e-07
2.214992118697819376e-07
1.099535938712298440e-04
4.858128033269223378e-01
8.387383998547004449e-02
3.534478316054269487e-02
6.276182663897726943e-01
3.696993819911166546e-02
2.420588877928996462e-05
2.103752961346911921e-01
3.959779719804783216e-02
3.310914599639966648e-05
1.255566095779529550e-03
2.035562043152860379e-01
2.490711521899001413e-02
1.657411870028417981e-04
1.929489425212239332e-05
4.971427288654446750e-04
2.011621870784180064e-04
7.294330506794589278e-04
3.896864091813896538e-04
6.075290052462755449e-05
3.457785414589172892e-05
6.311384908010106952e-03
7.847568387050687802e-04
2.233798833724001892e-04
8.303975372394778107e-03
2.972553355177979108e-04
5.407800966281622141e-04
6.190289008022332442e-04
6.011279857543221561e-04
1.174260172464659246e-01
8.218463307242503861e-04
6.556492598691343598e-03
2.931802740998965158e-03
6.997232815206731423e-05
3.445223999950964991e-04
8.609470579948457782e-05
4.193836045678599867e-05
4.285085990432872863e-06
1.962755411469555139e-05
6.601402689156283773e-05
5.649201141009542357e-05
7.669303792797634435e-05
1.393700128961217405e-04
