157
154
155
37
52
31
118
169
56
117
160
167
166
158
97
174
115
10
100
73
156
51
162
112
120
164
111
57
83
163
96
45
74
159
44
283
165
293
286
119
26
9
86
70
14
35
144
84
141
67
161
289
94
60
311
143
32
138
139
24
77
75
2
3
88
68
53
114
103
98
95
34
137
284
20
46
33
17
172
168
104
82
239
290
55
22
42
294
285
149
287
43
54
80
78
106
126
134
173
72
40
313
30
146
306
99
124
147
303
130
38
65
145
175
61
85
177
113
91
64
136
25
89
129
314
125
238
170
39
66
18
211
152
135
79
108
131
116
81
76
47
121
48
59
213
49
230
233
312
27
292
148
198
123
316
6
288
12
207
23
272
150
105
179
305
13
110
102
153
90
93
196
29
11
274
197
264
217
128
268
208
69
231
310
299
291
297
16
308
92
234
201
21
28
71
109
87
182
254
58
4
222
309
140
245
171
132
5
19
183
304
248
63
275
50
324
317
244
307
300
191
298
226
176
101
229
235
127
184
320
243
107
282
122
214
246
322
190
273
178
1
62
216
133
205
202
189
209
302
7
321
237
249
323
315
279
247
269
250
295
200
151
241
15
41
318
265
301
296
8
276
251
192
270
260
186
195
255
219
223
232
319
220
210
204
277
227
188
267
221
252
253
266
228
271
206
278
258
0
261
193
240
212
180
203
224
263
181
236
199
194
218
259
242
257
185
215
256
225
262
280
281
187
36
142
