9.232381415675467834e-07
3.021096944792218077e-05
2.257843491545600059e-02
2.202191557230463725e-02
1.047477940247899748e-04
8.750589619817580693e-05
4.585407996559541489e-04
2.098093150969308979e-05
9.242631214061168665e-06
8.365533619338280658e-02
6.447293370108737598e-01
2.945132466163692436e-04
4.365504683682196012e-04
3.555279683365205191e-04
7.811429141201310655e-02
1.187168787716907810e-05
1.561307474565285674e-04
1.288359710774189364e-02
1.231087049809953754e-03
8.710020701743301122e-05
1.525259492892667122e-02
1.337466908126528123e-04
9.635122261393279722e-03
4.238821047311557054e-04
2.985586607208043364e-02
1.633415183925981473e-03
8.862874650929454534e-02
5.500079718276539758e-04
1.320794337145078645e-04
3.011031491334670166e-04
3.504612253659174659e-03
3.708832230373785066e+00
3.111664607749944217e-02
1.330711644716867960e-02
1.577220128279422512e-02
6.999436331667778510e-02
0.000000000000000000e+00
4.893963901458000976e+00
2.695353243690175836e-03
1.250124981860547971e-03
3.974328614563782738e-03
1.125704009739487918e-05
9.068990669762357418e-03
6.539500701016500231e-03
1.330212643416391061e-01
1.371332404999311971e-01
1.436803352704724666e-02
8.230658527888810643e-04
7.471019310111799488e-04
6.184416385034137258e-04
6.603828459072002915e-05
4.237999011547635142e-01
4.163020742643350758e+00
1.953330356104417825e-02
6.396858159412918687e-03
9.820403677838191944e-03
2.514969168614451522e+00
1.565587448421587313e-01
1.078930186757140838e-04
7.101702552004380241e-04
3.671380013242953738e-02
2.411007930275153085e-03
2.850682871276694210e-05
7.699956897835753811e-05
1.680538379884999193e-03
2.666364881509195560e-03
1.241951499618176510e-03
5.138845830608125553e-02
1.968753206136737363e-02
2.118763846969657998e-04
8.107726889825220273e-02
1.284524275791216954e-04
4.187619268594282296e-03
5.828384486460861380e-01
1.343402186311989654e-01
2.581612285579145197e-02
8.973994172916420009e-04
2.643020710601771614e-02
5.189198898030916024e-03
1.027271855178543605e-03
5.836863414438425712e-03
9.041678057630385314e-04
1.103989991863126713e-02
1.565533498372035370e-01
5.945842511640814232e-02
2.276791378079724877e-03
8.309767435738515950e-02
1.169064406088853909e-04
2.003504509255837895e-02
1.575095382806177046e-03
3.418043874920951826e-04
1.857654201462046297e-03
1.470452611138938794e-04
3.045750580399243378e-04
3.864092981834776896e-02
1.777658889245585863e-02
1.391770845687231029e-01
1.209423178987011127e+00
1.777896732379830036e-02
3.099369437650563615e-03
6.081620260874220918e-01
4.960270179453491043e-05
3.523296979008443955e-04
1.854159732730549515e-02
1.125447251572931663e-02
3.816622563598377695e-04
4.715635873487673824e-03
3.936779402213428855e-05
1.008187707812921354e-03
1.182309495500088916e-04
3.543696827004993717e-04
1.711531987288593959e-01
3.003513737299560726e-01
1.908141380428765663e-03
1.857531606407178751e-02
7.212659611194949250e-01
9.065226090206049891e-04
2.510520310249332088e+00
3.279783507289820932e+00
9.005267959583355963e-02
2.809623029589067844e-01
8.091503205547218892e-04
3.660883427232889938e-05
4.744626622558088249e-04
3.080076045583184964e-03
1.447766337569594743e-03
4.630374367769163682e-03
4.392843930947020706e-05
2.431445119647173802e-04
1.560922781849823126e-03
2.799233079855353162e-03
9.355573939229452083e-04
8.813365177227603395e-05
2.473064572295900865e-05
4.474887175054599597e-03
1.093557361034719691e-03
1.650149460096582638e-03
1.565603028596078417e-02
3.058381907510342168e-02
3.045252287312664313e-02
9.691555948925852798e-05
5.922462307452142083e-02
0.000000000000000000e+00
3.418589462930574085e-02
6.566883221031376283e-02
2.663416622577997449e-03
3.461578924890152623e-03
2.999241489814273055e-03
5.221685654339008106e-04
7.434553958057467556e-03
3.884781207312799976e-04
1.290953704700844666e-05
1.112633909466537261e-03
3.469177025335510537e-04
8.138430798964270352e+00
5.027215344552082854e+00
4.614615113481251307e-01
8.307213815516600874e+00
1.505963822770978178e+00
1.332152289962285352e-01
2.374853109892861358e+00
4.820646615978178146e-02
3.856427807383857043e-01
1.410885331203520499e-01
2.770370234662404840e-01
1.121254479953499583e-01
1.607578728808071178e+00
1.869533963080373784e+00
1.177442165106313068e-02
2.959105953310998682e+00
1.440656718450127093e-03
9.176357818898748728e-05
1.284736212853935383e-02
4.420602117348859834e-03
7.448619256167428038e-01
2.488492212558285777e-03
5.122353917760084219e-05
2.015889408433888582e-03
3.195495205512577516e-05
3.804090337800582959e-04
5.545257033182867183e-07
3.472235682723616781e-07
1.095638254795132979e-04
8.679084054628887672e-05
4.348712925337853399e-05
4.993880761252543312e-08
5.038280685267884153e-06
8.082367679900671410e-09
2.132762087989944288e-06
2.316204329159811954e-05
3.351101886115117121e-05
5.491497343314268259e-05
7.804688794827791543e-06
7.557455736179867243e-07
2.044488262862973321e-07
4.931023035060648946e-06
3.017398419569363322e-04
2.729288827211045717e-04
4.850016971824254930e-04
2.754684094566240965e-07
1.371677796800649190e-05
1.384003471684220785e-04
2.316507138222175755e-05
5.246510495981711963e-07
2.603074071704802324e-06
2.464125188577642061e-05
9.997717206189134790e-07
4.239773681428582897e-04
2.343537195575162431e-04
2.193863641876293705e-05
2.605512965616676618e-06
1.201436913325990962e-03
6.012616957179257830e-07
6.803979572375668926e-04
3.617781952327536879e-05
3.297245288211355547e-08
2.585469603951274600e-05
2.505935437918902246e-04
1.344677935107219040e-07
4.494481478156739910e-06
2.787787326365814252e-06
1.928717705130818748e-06
1.034794443467415608e-04
4.361905599556664326e-06
4.947694245244753408e-07
1.964240509980084127e-08
5.196581166356234455e-05
2.213601686859303328e-06
1.342619103380034477e-06
4.760347131655881108e-05
5.852693764702906207e-04
2.028883758093572118e-04
3.458847523560219909e-06
5.799955438515509579e-04
1.446488051439266426e-04
4.437432536849019257e-05
2.905335504262207934e-07
1.896771071804185594e-05
1.445257366300814906e-03
1.008535277574814336e-02
6.376724485467613073e-07
1.211975109460671724e-05
6.207852716236004393e-08
4.013198189007118191e-05
5.921381656193499551e-05
9.624270425102735872e-05
3.434473085200088230e-05
1.595802885611153984e-05
8.193326960750489001e-05
1.893951916858569170e-05
1.416012544781340219e-05
8.355251077762717335e-06
1.831349892410708994e-06
1.517706894292064701e-06
1.094987474803025494e-04
4.838717201029827389e-06
2.957370454275557364e-08
5.488559474537950637e-08
9.260987818852551366e-07
1.030974418529497618e-07
5.106265823061015104e-06
8.417641264040217191e-07
1.464484752545060124e-08
3.683433134369233397e-07
2.657673019194894417e-04
1.025504238374463871e-05
1.501726804749393542e-06
2.086418180323899820e-06
2.365440251808024748e-04
1.444990704526255180e-05
6.075933379328027684e-06
1.054170238722025322e-06
4.037019513785520186e-04
3.248055652087647514e-05
2.775004986235446035e-04
6.957007642248880675e-05
8.709242842052262527e-06
2.405339653222993946e-06
9.273531128093691658e-07
1.618131085996362119e-05
1.216515645245706009e-08
8.921041400776877350e-09
3.677357089900693058e-05
1.232993075487830159e-01
1.544251536081957081e-02
7.961789889268024167e-03
1.067008319349913720e-01
6.730959661541789998e-03
4.429107016316795949e-04
4.336618141922387454e-02
1.000873951843159713e-02
1.568312058738247593e-04
5.490471552731748415e-04
1.096736887408304162e-01
8.517503171676363283e-03
1.399626585399090726e-05
9.487527923414582789e-06
1.566009183246697373e-04
5.292027410567836249e-05
1.610108828978530854e-04
5.525816397805551809e-05
9.709367501503876510e-06
2.133725862290809881e-05
2.989510841038387282e-03
8.494120312348523425e-05
3.733028119682048015e-04
3.206673956166601353e-03
5.695803635617360463e-05
1.532451318382472563e-04
1.024617905973017844e-04
2.003484955311297337e-04
3.599846076838829345e-02
5.503657574570479643e-04
3.637751096042361396e-03
1.470852772955294529e-03
1.652663456711806031e-05
4.740719843810866350e-04
6.280865199967970898e-05
1.122602793128452383e-05
2.797158168756221234e-06
4.195557954579103060e-05
1.897052218598567128e-05
3.406775872479067470e-05
1.732663531334636441e-05
6.319673866380522110e-05
