154
37
52
51
118
158
117
10
96
155
9
97
56
31
169
166
144
283
100
286
160
57
289
157
83
156
167
141
44
143
73
86
14
290
159
95
60
2
45
35
84
115
111
137
165
287
98
120
3
293
138
134
162
54
174
34
284
99
125
74
88
172
33
42
285
53
70
32
55
168
163
77
43
139
26
20
24
149
64
6
94
91
12
294
119
65
25
147
116
13
11
72
80
46
22
148
175
67
112
92
135
66
102
79
17
145
124
78
93
68
173
85
303
16
114
136
23
1
152
177
27
129
292
76
75
48
104
0
110
146
38
50
150
311
7
103
164
304
29
82
40
299
161
59
30
126
5
47
309
310
113
61
108
170
132
130
295
308
186
306
300
298
18
8
307
28
63
207
71
288
101
49
4
128
153
184
87
15
90
106
297
313
205
171
211
296
320
291
305
21
239
314
208
151
206
107
210
105
209
140
183
19
131
121
81
324
301
312
302
39
89
198
58
213
179
188
127
317
41
180
109
274
178
133
191
318
214
176
316
189
123
181
223
197
212
203
275
230
221
62
323
222
282
196
192
193
231
187
321
190
69
216
182
219
265
264
226
232
122
260
315
273
217
263
236
266
200
248
215
204
233
238
261
279
254
220
322
194
245
218
185
319
272
258
249
225
250
202
234
251
267
246
201
268
241
269
235
240
253
199
255
256
252
276
237
247
270
259
229
257
277
271
278
227
195
243
244
242
262
228
224
281
280
142
36
