6.413795289738715138e-04
8.877143698382211970e-04
8.351801747039634682e-02
3.964951468125739453e-02
9.177498754808434314e-05
2.531732127717931146e-04
4.964994697514115395e-03
4.495841722732035663e-04
1.407844068840122947e-04
5.514772612930205486e-01
9.045652897629860023e-01
2.894428345861182680e-03
4.442095026047726547e-03
2.978521228109004375e-03
1.181699369710870057e-01
7.441750711092644146e-05
9.342971391355274838e-04
1.511379513882711969e-03
1.489742179964122768e-04
2.064518039895094141e-05
6.284647604804538025e-03
3.991224040352460200e-05
2.540056517714306492e-03
9.032659007035738919e-04
6.055597760178767393e-03
4.027551058688401235e-03
6.353260110644968345e-03
8.496280850892115599e-04
1.362582607801457099e-04
4.074257771641527984e-04
3.317079259327206206e-04
3.947159531215738149e-01
1.013661745724584763e-02
1.509283821861548414e-02
2.603943404036149212e-02
7.793930006496588292e-02
0.000000000000000000e+00
4.071982513796256420e+00
5.732878355774409128e-04
8.489548905561887399e-06
3.897219760277841386e-04
4.324113897300330501e-06
1.331812611135278247e-02
6.698370325409317046e-03
1.698277459520962096e-01
8.103093871328648223e-02
2.562740803604291167e-03
2.507704184910876355e-04
7.907458847838668651e-04
1.058300006811376903e-04
4.905913332729991156e-04
2.506693442159819707e+00
2.896074031409531013e+00
1.079274300757237549e-02
2.740767707685097532e-02
9.978283042403413364e-03
4.657092129854814577e-01
2.529981571619900893e-01
7.238778648680901508e-06
3.529791859006153865e-04
8.626429942828908737e-02
2.068777216342289674e-04
1.126549425210435772e-06
1.214625970291951758e-04
5.163496338862170153e-03
4.053702251378462490e-03
1.856370850081255804e-03
2.260937904197949776e-03
1.059646396928093934e-03
3.263836096384959277e-07
1.029889121860620704e-02
1.125731369098841267e-04
2.725060597037050943e-03
1.287134572794245702e-01
1.751442810752291621e-02
7.919028746967778261e-04
7.946179844025892409e-04
7.992615281156712284e-03
1.250814547970576299e-03
1.674445222590194857e-03
2.641796846644407434e-03
1.221369192140908925e-05
3.974144614906101715e-04
2.355531608914130659e-01
5.734536462396574996e-02
1.034534576859472447e-03
1.263963192939957236e-01
7.822861156038433495e-05
1.719323061151039125e-02
7.645101731344181151e-06
6.465842927188900763e-05
4.713445855842572293e-03
2.024200983798853017e-03
1.098663282671755084e-03
4.866710394539544050e-03
9.257074009739922615e-02
5.954600285600160081e-01
4.694789342723841297e-01
4.604986101358715667e-02
2.351325335499067012e-02
2.913292777754328822e-01
1.078758304927119742e-04
1.813127550845761464e-03
4.443082579379363929e-04
7.892345850766234201e-04
2.403765781767400024e-05
6.398858798121179929e-05
3.002086118290549178e-05
2.036387688707739238e-04
3.934839914141974317e-06
5.934187446468221390e-04
5.309020348514759124e-02
2.248068831346499222e-03
2.284485129877832934e-04
9.210578088390293646e-04
5.529025519368797187e-02
3.398334628319371175e-03
1.044091204257615813e+00
1.431389117839291236e+00
4.216973745420768242e-03
4.000419087907965826e-02
1.566149986487086446e-05
1.271050282792561959e-07
1.950561544702077506e-06
1.277369798731032907e-03
1.842417627904596733e-02
2.922470192247188041e-04
5.574874490242972439e-06
9.042597935768029616e-05
8.307824274023136975e-04
1.792583147774598051e-04
1.673448981968242655e-05
1.854047010754040993e-04
3.095873536871682886e-06
2.960140951197355250e-02
1.875192769704134548e-03
9.124734954040232679e-04
5.090326608424138033e-02
3.456572134569494553e-02
6.669670539216008588e-03
2.314916451881601168e-05
1.808593965883550370e-01
0.000000000000000000e+00
1.631554904130466110e-01
3.408416451083089993e-01
1.444380354532874512e-03
5.758897922695414232e-04
3.789906789387896633e-03
2.514730218618308095e-03
5.371603032327546857e-03
4.879617872344269784e-04
3.096815563971489404e-05
8.595604497986828818e-04
8.436931727517082166e-05
4.585130196361419053e+00
5.588342097373198980e-01
2.277110999777115785e-01
2.385563875612614071e-01
1.413453466772121914e+00
9.738191036559662450e-02
2.737853319239699212e-01
3.536224290758248887e-04
2.929982989735719495e-02
8.221217166998846457e-03
4.410019509140450443e-04
4.839253871558688025e-02
3.425171688354359811e-01
2.210338440514773850e-01
8.404269596705381956e-03
3.866198320817767486e-01
1.960030773644183251e-04
4.592861726949484769e-05
1.575805306645761128e-02
1.050431947935232804e-03
2.610039802100169726e-02
2.264296936852604886e-03
2.547547116296903668e-06
8.548238842200628351e-04
3.594911461946395895e-06
6.327209919220480393e-06
4.159604560757700169e-06
1.940701845490238665e-06
3.051349078012678555e-07
2.213039224152826229e-05
8.091802116211979970e-05
3.549734068006618262e-08
1.642293887146986696e-04
4.712094530417620295e-07
5.903422973099844322e-06
2.481713646182312457e-06
3.613385967035405044e-07
2.806176536172310145e-06
5.434286332452299686e-07
5.123446599957196881e-07
4.987009289392504733e-08
3.249517530015541919e-10
5.662939724892968731e-07
1.727997672244742587e-06
7.619938778337574333e-06
4.653145280476648631e-09
9.657615106391538154e-08
1.427722778244856831e-08
1.998879704165168977e-08
1.456980057928017935e-06
8.755323157632663773e-08
4.865545268579045841e-05
3.071693907837094143e-05
1.128584395541845772e-04
3.097080739051341115e-05
2.335412585220646419e-05
2.606294384517555146e-05
4.455201896358488298e-05
1.643780130228595096e-06
6.861946753706573688e-06
2.630951685492654540e-06
9.529150415522255088e-08
3.225445559434077549e-07
1.034253605393718239e-07
4.024014461162659074e-08
2.398348947854277274e-07
5.556099379619474918e-08
1.166153061094012223e-06
8.082919540000059171e-07
1.743577158771529556e-06
7.448712764301392391e-11
2.017880683612784401e-08
1.606870886642189808e-07
4.556880185217158260e-10
1.469003062203590930e-10
1.300081221159356265e-09
1.204017839686399343e-06
5.113080299677410592e-07
1.463051160447756268e-07
8.753762247644992297e-08
1.956221823444419459e-08
5.682638492729724381e-09
1.003958332129814161e-07
3.648855012245791282e-09
7.289103564991118360e-08
3.714113094438088324e-05
5.610930085902301895e-09
1.273364817808339018e-08
2.470118378216371607e-10
3.058519606627433911e-10
2.923684958867104857e-10
4.172313160619918074e-08
1.582384683249578780e-08
3.110602366567147934e-09
9.593537983957903431e-08
2.212959986379210113e-08
2.001310626238562700e-08
1.792401761433535555e-08
4.113767322468998063e-09
5.196768888619027192e-09
6.060636184805557357e-08
4.525860674113395695e-09
4.232739598665047416e-09
1.223748555481130547e-09
2.400080875036682356e-08
1.429392800526598095e-09
1.219207544654699672e-07
7.128333961568552768e-08
2.215954372947987808e-10
1.024275593156009664e-07
1.886855129045280113e-07
2.343402396066447977e-07
1.002923467170037616e-07
1.724640962338609917e-08
1.283563535909551952e-08
1.179622628617224790e-08
2.153255402754418639e-09
8.847209974241958956e-10
2.598606924912218101e-08
1.059776754961218715e-07
3.615155058693169783e-06
1.383517687073372393e-06
4.053758196605422111e-09
9.466587597522992912e-10
6.437017159727744805e-10
6.573258343155537858e-08
1.694172732074256603e-12
2.592416112854203092e-12
7.790926336602744039e-07
3.005017401145197442e-01
2.510212939806190022e-02
1.179185062859543047e-02
2.759872155584700004e-01
4.835604281893465806e-02
1.091363871835887724e-04
2.499591705819031728e-01
1.160873547484386203e-01
4.013080752094502676e-05
8.296064733308124639e-04
3.908352045547733994e-02
4.430310514450301607e-03
1.787513626008885477e-04
4.266066818567623784e-05
6.371555526159632782e-05
1.490490991187108541e-04
3.778667208763522947e-04
1.503993343486983937e-04
1.088590580279019610e-05
9.121085755555805131e-06
9.528818028031019226e-04
4.180591883707027471e-04
4.001027718102376408e-05
1.576669915944199825e-04
1.373999074609623752e-04
1.704695752325287891e-04
2.432191270575543142e-04
2.360294520145798589e-04
4.549392435262627566e-04
9.186449589040680491e-06
6.143380787960282135e-05
3.266741832309958023e-05
1.153279528528797477e-07
2.532599478146680397e-06
4.906938963031831890e-06
2.653195871660902770e-06
3.061873601709319730e-08
4.220213958717284816e-05
4.460619046496518606e-07
5.553085110110314785e-08
8.544185096243167924e-07
1.105811161618964205e-05
