154
157
37
52
155
118
97
160
158
117
31
100
169
56
96
14
156
112
144
283
9
167
44
141
174
45
115
10
166
83
86
289
26
162
51
73
164
143
120
84
111
290
286
3
60
159
284
2
95
24
35
163
134
138
287
98
293
311
34
172
74
94
43
114
77
57
137
88
285
149
119
54
33
42
65
99
165
177
64
70
104
161
32
17
103
294
147
25
125
66
80
67
306
68
303
102
116
47
11
20
53
79
12
85
16
113
76
6
91
18
13
82
72
29
139
135
22
148
313
292
175
87
1
150
30
0
55
75
304
46
152
38
299
305
124
4
40
168
78
129
61
23
186
92
314
28
178
27
300
309
93
146
295
179
110
308
207
307
198
50
184
145
312
7
48
59
126
297
136
296
132
181
298
310
211
197
183
63
188
108
173
205
324
8
153
151
170
5
101
206
182
208
209
214
301
213
15
189
128
316
106
90
282
171
191
49
21
239
62
71
107
140
39
318
212
130
41
302
315
187
291
323
196
322
321
193
131
105
180
19
317
203
121
109
215
288
192
176
81
194
89
320
58
279
210
127
133
190
274
185
123
204
200
223
202
275
319
230
69
222
221
231
201
227
238
240
199
228
265
216
258
264
122
219
232
273
260
248
266
236
263
233
220
217
261
195
218
226
245
254
250
249
256
234
251
272
225
267
246
257
269
255
259
241
268
252
253
235
276
237
242
229
277
247
270
224
281
271
278
243
244
280
262
142
36
