8.518243908228125298e-04
1.074100945874246257e-03
1.144580091690388934e-01
2.098015618748954036e-01
5.173205467272214792e-04
3.565005639863453424e-05
1.708700159244478343e-03
1.272254227424287525e-04
4.033224649878369835e-05
9.074533022842476981e-01
6.457534081837662532e-01
3.515539584727447701e-03
2.622183332337801095e-03
1.615811967725774281e-03
1.345484892941160693e+00
1.734466252563866500e-05
2.449845359506465370e-03
1.289458716234848264e-02
1.646452569101559569e-03
1.999205186448761682e-06
3.113429076128005398e-03
9.193490475897853667e-06
1.451778459730917103e-03
4.658485528028922097e-04
1.062234470686558852e-01
8.269326396363874468e-03
5.086415770124885771e-01
3.744918224661493477e-04
4.252773707205996187e-04
1.588446375552816361e-03
8.797301622706489663e-04
5.640581736888524489e+00
1.335558070284773545e-02
2.044399039351642994e-02
5.659294444725978396e-02
1.061689992151244183e-01
0.000000000000000000e+00
2.158374395138398683e+01
6.522284034564581603e-04
7.220158541474342881e-06
5.013772007324385997e-04
6.440596008812422896e-06
1.970895317599112226e-02
4.109565091677711696e-02
7.872086941996961906e-01
7.184354890343406241e-01
6.946980508891930283e-04
3.681592754335191991e-03
1.214924609839466345e-04
9.559970413674746535e-06
1.719519989427024497e-04
4.460241972848100200e-01
1.848514181878332963e+01
2.979138550512748767e-03
2.125287326887640924e-02
7.852446719930919689e-04
2.490283870490825446e+00
3.247421936242914781e-02
8.438764051503303939e-07
1.187692485069897401e-04
1.928038399084023025e-01
4.689495661230047292e-04
8.856622040130504432e-06
5.901022901706926455e-05
1.465209442222385576e-02
1.897064722738810855e-02
7.685313800549429739e-03
6.081291216677552590e-03
5.595315528718792716e-03
9.208220058052104606e-08
1.446184816615350525e-02
8.805282275053428692e-06
1.588833067815846253e-03
4.370496859090677311e-01
4.990766059629667822e-02
7.005367293677609332e-04
2.006974112560222338e-03
3.740240581038679901e-02
4.792924413247672899e-04
2.800899968776206748e-03
7.097159778266268725e-03
1.063097569587925787e-06
1.614781126152415799e-03
5.857781603951156546e-01
2.828592781997358863e-01
2.496693793238882048e-03
5.624794967884423347e-01
1.078993488062939769e-03
2.788304171557750427e-02
9.019033005231863137e-07
1.060256209394910842e-05
1.670104440656812201e-03
4.385376122451670731e-04
3.317730488336885540e-04
4.943923784314735448e-02
1.106404473591913878e-01
2.216750318316408563e+00
8.921822236976368004e+00
8.859087282276362219e-02
1.564154610090391639e-02
5.561556055444975222e+00
3.055468238808658788e-05
4.177476327779969245e-03
1.259000292645522448e-02
1.396960319312442848e-02
2.352872981997672766e-06
1.117103640810528387e-05
7.721089921074637829e-06
4.398700637542027651e-05
1.434028401088067664e-06
2.952173569488830110e-04
2.729222319569047372e-01
1.152178206518840398e+00
2.210465364515864107e-03
3.868466911481095727e-02
6.994536724946911477e-01
3.746671919543243228e-03
6.952086449022575998e+00
9.573968783786281023e+00
2.485390541327967689e-02
3.223961062826207757e-01
1.648735105586083653e-06
1.080362914927787503e-08
1.816854516039271826e-07
5.322827435766273787e-04
8.043649091447450244e-03
1.117647189549057779e-04
5.424266283911242573e-07
1.508375251237354493e-05
4.788179517610012081e-04
6.609939833098156710e-06
2.522440508631004146e-06
8.129497522185274690e-05
3.774033905457347450e-07
1.002695690402735512e-01
1.473490772308619660e-03
8.715206018385164457e-05
3.174961534275930197e-02
9.905355987077685276e-02
1.499757593672977098e-03
7.399205963561636161e-06
7.599580624095375603e-01
0.000000000000000000e+00
3.335655677064616187e-01
1.020249267471441179e+00
1.473587177149348682e-04
3.123539302265565597e-04
9.074099929488949751e-03
1.380661396803473584e-03
2.644197690962376418e-02
1.014845946894618600e-03
3.786821384092337988e-05
6.678082726392835320e-04
4.002382099261084236e-05
3.275636330018372178e+01
1.469637942755515070e+01
1.184531297257077176e+00
2.629136830939900804e+01
7.865670490751884181e+00
1.887929943511343356e-01
8.097366677188484019e+00
1.335746852760650791e-02
4.694020363463845547e-01
1.042053107511001914e-01
4.202166822316665273e-01
1.538477812367890912e-02
6.152868412144988364e-01
8.433794128562480674e-01
4.815983695702805395e-04
3.096571054405048873e+00
3.693835511393784627e-05
1.018730978552822085e-05
5.601312783945108092e-02
4.389732621629584833e-05
7.465604693389524815e-01
1.128434394598535912e-03
1.098551462106858563e-06
1.490834998647786076e-02
4.192328128452152500e-04
3.017448898830379206e-04
2.025989986436966564e-06
7.677386815738440628e-05
2.794891293883502404e-05
5.918735643899825875e-05
1.660390082844569290e-04
3.021774539338647782e-07
4.427325446622429762e-04
4.876131545259625096e-06
4.486359218587215099e-05
1.623635166507673313e-05
3.492162199818534829e-07
9.771495473431677159e-06
1.226022456123814543e-06
2.599480329181482695e-06
9.479666525840107040e-07
3.224863007935366637e-09
3.817548781424821017e-06
6.175366794150645639e-05
1.741981683627945733e-04
1.610362318538342953e-08
1.298012724905327074e-07
2.910890497443102897e-08
1.171144479362523099e-07
1.825205010579236785e-06
1.337367053853984991e-07
4.353481275159813962e-05
2.811789519733322532e-05
2.651164903080441932e-04
2.686017744811794030e-05
2.550467886356345566e-05
6.596355869534784380e-07
7.250658398731545551e-05
6.870456736723305454e-06
1.786978485861776518e-05
2.064268365627298406e-05
1.353244793421277748e-06
1.213935406985307742e-08
4.148950705180125574e-09
2.597980299189536552e-09
1.013354920986207261e-08
4.336683800873254089e-09
6.182553771270976286e-08
6.205577025199130530e-08
1.180691100303278810e-07
1.316135349537923761e-10
1.021697136327550286e-09
2.397825126590377851e-09
2.775016288249965178e-08
1.525498388424420758e-08
2.732901932043576026e-10
1.034325679439077627e-07
4.021506558941289633e-08
9.501595674460328564e-09
4.610731174075196175e-09
1.276226182551529164e-09
4.046756889821516958e-10
7.385204659550464738e-09
3.613204811486220342e-10
1.962755312775993348e-08
9.125096349907112447e-06
1.681362336689074596e-08
4.948303488758635579e-10
3.443821546564329503e-10
6.601664116705691979e-11
3.643903371468586173e-11
1.784730695361287462e-09
7.545174925620764339e-10
2.140085068223995827e-10
7.596251123847333796e-09
1.628731587082756563e-09
1.674474119566246607e-09
1.261601768952766692e-09
4.251441813066363133e-10
4.248000094700193476e-10
1.718641819513753058e-09
6.170015979833815734e-10
1.438680998723527912e-09
7.100027142745900298e-10
1.160281531114144829e-08
5.484839285497983071e-10
8.095644729453037318e-09
3.583240406386866907e-09
1.090691443596222011e-11
5.148183269183836801e-09
1.135242671384421093e-08
1.473674575209664218e-08
7.467415208908534985e-09
7.715468839040446952e-10
4.788116248505886664e-10
6.222527523633914376e-10
1.945496091225487368e-10
1.150570733594557408e-10
1.179910767908916187e-09
8.801696865806665611e-09
3.296076777464081748e-07
1.148147356315847348e-07
3.851549077264596162e-10
2.421139082262853494e-10
1.124295151688764354e-10
7.707185055155848111e-07
1.606765667353190741e-11
1.183734579950094061e-10
1.053424660376947146e-05
9.983885707885620242e-01
1.154763242696627418e-01
2.770464433008118510e-02
2.661413009399957175e-01
9.456418105681371755e-02
1.236584291069791519e-06
5.223548707408275371e-01
2.671652184350420955e-01
4.470127748575780019e-06
1.169095186823966657e-03
8.599495702643847328e-02
9.333836402575285476e-03
3.088265838617506687e-04
8.243375854355303135e-05
8.922215859999913510e-05
7.628204847725389426e-05
6.055073003263669942e-04
3.522893824191258134e-04
1.917661037154864013e-05
5.738699548284915894e-06
4.347171886836055481e-03
6.963691280952060596e-04
5.428476243548027236e-04
5.877050383192714521e-03
2.101653792775030178e-04
2.818430858714282322e-04
3.395023307373242903e-04
7.530974579102651695e-05
5.976835916764993567e-02
1.292388815251038878e-04
1.342265545115454983e-03
4.365287341741600977e-04
5.546751718613961210e-06
1.273052584668210067e-05
1.950725573802887000e-06
6.984166671443343707e-06
1.066763073190072693e-07
8.880616235320078785e-07
2.892369119884903299e-06
3.255028516113658972e-06
3.862696548721910998e-06
4.262770877493107048e-05
