154
37
52
51
158
118
117
10
155
9
160
31
97
157
283
96
156
100
144
286
159
289
83
167
44
143
169
141
57
73
14
45
86
60
137
166
293
2
115
111
95
290
84
162
120
74
134
138
174
287
56
54
70
165
3
284
163
99
77
98
24
285
139
125
172
53
20
35
72
149
177
43
65
64
124
112
42
294
26
46
80
175
55
25
148
147
88
91
48
34
116
17
22
66
6
145
12
129
85
94
78
79
13
136
135
168
32
161
33
102
76
103
146
27
75
82
104
114
23
126
303
292
119
152
11
108
61
110
173
311
92
130
93
59
16
5
132
150
170
299
40
30
50
18
38
67
47
71
7
164
306
239
90
113
121
308
29
304
1
309
106
68
298
313
288
49
207
153
307
179
28
300
89
101
21
295
171
297
8
291
198
128
140
4
320
15
131
314
186
0
123
105
19
81
197
211
324
127
107
310
178
87
133
296
208
184
213
151
39
210
183
312
58
305
302
176
182
274
301
209
316
191
189
317
238
206
109
63
230
214
181
275
318
188
223
222
205
196
122
231
41
216
221
321
282
180
212
323
226
264
203
62
217
192
200
265
190
219
193
232
245
273
260
69
236
279
220
248
254
266
268
263
201
246
202
261
315
247
322
272
233
187
194
204
241
249
251
319
258
237
269
218
276
250
195
240
235
215
234
243
267
244
185
199
253
225
252
255
277
227
270
229
228
256
278
259
271
224
262
242
257
280
281
36
142
