8.552879634960684773e-05
3.208398164498548356e-04
9.535746975133690961e-02
3.210385144766541438e-02
1.039698051729425138e-04
6.770025452066516427e-04
3.920928340300887036e-03
4.168132972048082174e-04
1.167334476058429563e-04
6.721339183176737730e-01
1.075872612439617404e+00
1.295658969014443218e-03
3.891344705787080395e-03
2.951635512804446672e-03
1.122781572872679073e-01
1.005863675660753843e-04
9.089349454783463532e-04
4.011819204909077355e-03
4.982284692907210577e-04
6.692948993228496353e-05
1.296663137852047468e-02
1.689582427641745982e-04
4.011393907377880548e-03
1.440741584851229886e-03
1.933116039138267975e-02
5.316501266843866834e-03
5.783044400531774619e-03
1.841115821838393068e-03
1.959596803051923326e-04
3.389641183310121734e-04
5.505225670811206805e-04
5.533645486353605536e-01
2.311977092513676189e-03
2.105601979991978540e-03
4.423262105709656160e-03
1.025153988619747179e-02
0.000000000000000000e+00
5.782490962190406592e+00
4.822539643901680708e-04
3.330400214817373378e-05
5.547888491126121060e-04
3.865382844285045540e-06
6.589430588312233418e-03
8.548827712112865365e-03
2.110731454728175527e-01
1.117586220520519202e-01
5.689120075604206690e-03
4.428658219571611032e-04
4.618542129294451667e-03
2.157277690597024533e-04
4.982439507219675080e-04
3.394016878035737594e+00
4.285904771707198080e+00
1.573427916851164246e-02
4.724410053477423599e-02
5.336238190212370253e-03
5.114095520335901895e-02
1.609777436633627046e-01
2.591782327533136702e-05
9.239317000693948300e-04
1.080350853984818060e-01
1.260311468197680565e-03
1.670020245385578460e-06
9.738814384762421470e-06
8.489612797038225897e-03
8.519987114430135206e-03
3.987656823883668766e-03
4.767989474693828012e-04
2.717665149912611698e-04
5.171122041202348485e-07
4.528644536220650246e-02
4.362967936462597393e-04
9.395102344062438923e-03
1.436552099322814524e-01
5.794482572813460658e-02
1.775566651493456962e-03
1.952667898503044697e-03
2.160362248083881609e-02
3.260940999226375620e-03
2.983325720613426348e-03
5.542489133636689658e-03
6.633722694952923649e-05
1.504674089260022883e-03
2.394545968627818655e-01
7.384083127687743331e-02
3.825492878760540678e-03
1.111562532604273151e-01
4.059502933539326587e-05
4.745196511047272345e-03
1.846259852594767082e-04
3.465695582698086587e-04
4.661950557525634808e-03
1.145264761228404751e-03
1.115645095729040758e-03
3.502909957069618666e-03
7.619746458042225834e-02
4.245491012484110538e-01
5.368736790528571001e-01
2.142158222457693148e-02
2.635997093016436907e-02
3.317626151480184138e-01
1.776627625405814671e-04
2.011436851205406634e-03
1.922848598748152626e-03
1.503301859470893833e-03
7.313920819632861812e-05
2.918925106721469067e-04
4.547515068607521784e-05
1.283130854239825742e-03
1.129334919724575347e-05
1.226383507555029633e-03
8.917178046133024394e-02
7.071753103956980244e-03
3.452330800564945481e-04
1.459110954777829722e-03
9.093434960066189288e-02
4.293305535616335003e-03
1.419764183111321021e+00
1.616432197118647496e+00
1.371724757761355780e-03
6.274299778878889011e-02
3.444374126342135368e-04
4.277238724688091206e-06
7.477954377738509615e-05
8.151197913655296168e-03
1.770014300076465028e-02
1.389089490540625083e-03
4.636978651288968409e-05
1.061579697244757205e-04
3.836201886404422105e-03
1.144094439410191190e-03
9.922397179650923921e-05
6.698705778840665899e-04
3.844698178031191233e-05
5.790730600027762381e-02
2.633677488541725370e-03
2.765625233352277893e-03
1.043819747553619837e-01
5.718216290148715047e-02
1.818816643527124480e-02
1.044996151348861064e-04
1.653074901191319557e-01
0.000000000000000000e+00
1.931726315868808885e-01
3.302510641396450564e-01
3.896420655370981707e-03
1.845071273428938773e-03
4.828432688741302395e-03
5.252337266872840818e-03
9.196425703607430391e-03
6.320735287437196292e-04
3.354286923474761447e-05
1.304235611916271286e-03
2.114784072107144181e-04
5.925332404496462146e+00
9.742076128090487730e-01
4.190414156448932781e-01
4.911426860595261012e-01
2.405948994944695940e+00
2.530791405600173460e-01
6.000999149180294978e-01
2.218274609083527218e-03
7.157465241797157651e-02
2.918362712566388573e-02
3.804244771903910719e-04
4.190809711999544246e-02
1.011657209139576186e-01
2.245665332072022402e-01
2.583663889477176741e-03
1.748250883226452612e-01
6.103132854203885188e-04
1.298008074772638565e-04
1.751052902712048678e-02
1.202721364416676434e-03
5.436483795241228711e-02
5.541132117872631623e-03
2.120862375425753199e-05
8.745036781044279034e-03
4.193474979627773445e-05
2.001665360897841308e-04
2.795342077028640096e-06
7.607818723980310696e-06
2.088157162370248273e-05
2.923624586070699939e-05
3.717563526544339443e-05
4.039732060030479354e-08
9.055545842727289775e-05
1.609135058951977670e-07
6.737881822308402815e-06
1.389698333545909048e-05
1.404316160919056170e-06
1.505560345181236328e-05
1.440674237597014086e-06
1.205325560066954667e-06
1.467784765652237609e-07
6.895472402142833454e-08
4.931936657469799671e-06
5.759176610753740570e-05
1.076958980097966691e-04
3.797388981121265923e-08
1.418137836743879849e-06
3.466474393103094860e-07
2.571143384182628218e-07
1.704671607275294373e-06
1.429600670502577826e-07
5.366188817499230162e-06
1.240703376668635996e-05
2.116412546942741501e-04
3.736498303636986583e-05
1.589326075227205415e-05
3.152256420558055132e-05
5.573274189624488525e-05
2.499399325217497031e-06
3.570319029816187219e-05
8.307584828642963551e-06
5.532055185515145563e-08
3.358726369083143448e-06
1.571068445116860976e-06
8.434928746838699046e-08
1.207407517957607940e-06
4.775403933214015393e-07
3.114266085040265497e-06
5.556747595334258314e-06
5.940323830370481147e-06
7.335556636398588554e-09
2.745978496406464707e-08
1.911249875687441976e-06
1.592974560762326609e-08
1.102070288014162802e-08
1.328258249576239821e-08
9.522760518568683356e-06
3.971373064716907844e-06
1.137259702532777833e-06
1.753990891469421637e-07
5.463951480139309367e-08
5.684948228128788572e-08
5.159450282675181785e-07
8.995166285974945473e-08
1.333321132713582321e-05
3.531692429095408090e-04
5.708259620747866830e-08
1.183896685368704097e-07
4.676312196268710094e-09
5.053326001547739969e-08
4.301775895514142073e-08
7.207552839049490817e-07
2.726447557067602432e-07
2.075684074293052724e-07
4.614180090036301606e-07
1.093220409696981450e-07
7.661431691969387712e-08
1.025885563888854360e-07
2.399308339949871395e-08
2.945694857045694713e-08
4.499057172954803079e-07
2.116345741494514118e-08
1.042476510030951802e-08
4.624947862494937841e-09
9.553374494566213677e-08
8.216345849519630560e-09
6.202288409853491030e-07
2.412322104615765954e-07
4.804423318988256516e-09
3.499345719370714597e-07
1.780054004071620368e-06
1.407940870164550681e-06
4.356511049253290676e-07
4.966861725371306903e-08
4.353488764997576343e-07
8.561406467331912454e-08
1.345644918873899552e-08
7.426352466104667678e-09
1.930264555451230419e-07
6.640107552027178150e-07
1.712686600960408031e-05
7.383415309989721424e-06
8.069279362945401603e-08
1.889113480922829509e-08
8.618214934493944882e-09
4.811346107310748926e-07
1.043370453391434334e-09
7.491599560906534907e-10
3.041668354265428583e-06
4.704575235818560519e-01
3.117059317531037724e-02
1.885228205145719413e-02
2.585280658503604778e-01
5.224725342988880555e-02
2.252860936091808698e-04
2.496431896909610260e-01
7.491510998352124417e-02
1.097553328315983910e-04
1.372714933677249153e-03
9.552607060708349918e-02
6.538043054069435887e-03
1.398212180098952809e-04
3.791241496019057036e-05
1.252775981511485936e-04
2.549698722001047472e-04
5.863800120155122355e-04
1.866178493515514175e-04
1.668308364971813303e-05
2.409916419498078023e-05
1.383581523655240744e-03
3.220879205010874439e-04
2.415471248329545845e-05
3.763348773482808095e-04
2.112613899564984570e-04
3.430033933630964723e-04
3.028523240570378159e-04
4.288490060081923296e-05
1.174555764121009826e-03
2.716647351329488585e-05
2.254534908742942536e-04
9.087384615658828713e-05
2.275136514727775403e-07
1.515429023342591818e-05
1.370756112156560175e-05
7.266907899235966229e-06
9.804141265011116406e-08
1.013157199534860711e-04
3.075099238523955936e-06
2.063543799133770356e-07
1.946131023055497468e-06
4.642929367093960900e-05
