37
154
52
51
158
10
117
155
118
160
167
169
157
9
56
31
283
156
159
97
42
166
144
100
293
174
289
96
83
44
143
137
40
70
286
74
20
60
162
141
111
38
45
165
2
54
115
134
163
73
138
78
120
14
84
86
139
239
35
77
39
48
89
130
22
287
72
95
55
106
11
126
124
57
61
136
284
24
285
99
32
112
53
98
125
121
3
211
290
172
80
173
88
168
238
123
129
67
91
147
145
149
175
49
208
65
33
64
170
46
85
59
294
161
148
34
288
119
135
81
43
79
26
25
69
17
66
6
90
230
105
179
164
146
5
76
103
116
213
68
27
82
177
1
75
131
108
12
50
150
13
291
110
92
233
23
71
311
292
217
152
274
128
104
303
231
196
272
264
102
268
127
93
114
171
19
122
132
222
245
275
209
133
229
21
30
244
207
191
299
18
101
243
16
7
313
226
306
308
201
234
113
94
47
298
140
109
216
186
153
41
29
254
307
189
248
184
246
190
309
304
178
107
28
214
151
235
282
273
320
198
314
15
310
63
297
176
300
200
324
8
247
223
197
206
265
202
4
249
260
182
279
188
58
312
302
192
316
295
276
269
250
219
237
220
251
241
221
296
0
210
203
317
205
183
195
305
270
240
318
266
301
87
277
267
252
321
232
255
253
261
212
236
227
193
224
271
204
228
263
278
194
199
185
180
62
323
218
181
322
258
215
259
242
319
315
262
225
256
257
187
280
281
36
142
