1.502032319334984129e-05
1.305852931973864976e-03
3.890132854599849532e-02
7.508110472412052316e-03
4.083746178763988797e-05
1.606407851089387785e-03
2.020930793469548088e-03
2.637278752401524392e-04
4.913226501738696546e-05
3.021159727630551850e-01
6.177342718058329574e-01
1.417289953132545681e-02
1.175896180019590006e-03
1.091705164014849117e-03
2.635739326308508823e-02
6.916775564624061813e-05
2.643019470294136457e-04
2.243173823696612435e-03
2.803132129222822067e-04
4.983113154203435780e-04
5.254032331616603768e-02
3.374149802274304397e-04
1.809394390487718482e-02
9.026428694224570377e-04
1.020269163331030682e-02
2.420635422217867413e-03
2.570707358271369369e-03
1.459991478045859952e-03
9.894874017639496318e-05
1.655067770556705657e-04
3.314493651869610653e-04
2.305040224219802314e-01
9.472124371726139622e-03
4.011267558205956069e-03
3.395966042956955096e-03
2.049870249537483896e-02
0.000000000000000000e+00
2.553173283294161600e+00
4.471512179118480174e-02
1.989077164232887565e-02
6.128274518762535233e-02
1.723343315993401974e-04
1.470304717701440556e-01
2.603830040789932750e-03
7.336880392306345533e-02
4.214815601726534106e-02
3.637296521182300374e-03
2.194425161644366902e-04
1.942564432629632562e-02
4.074175037026633688e-03
1.121723793808841177e-03
1.597221720744364415e+00
1.879063764533507763e+00
8.438546845249857847e-03
3.752173257929553724e-02
1.500142312382454247e-02
2.504926338933680663e-01
1.327556949954146644e-02
2.969309635002531108e-05
3.556849673630020203e-03
5.192739288305391054e-02
1.318672422338835332e-02
6.926377715574530831e-07
6.521143177902302723e-05
3.909787113881671092e-03
4.051074768671168377e-03
2.054882452098717033e-03
4.735521729939566604e-03
1.465412108900967592e-03
2.251536370610916250e-03
6.090783879017201002e-02
8.768878781213871503e-04
1.780496518675665774e-02
3.055415341529670384e-02
5.587006460590535767e-02
1.303249390899893214e-03
1.577371767638337816e-03
2.015406917111157992e-02
2.725667173628875881e-02
2.574526288486006509e-03
6.598099419312720461e-03
2.880817188267338277e-03
1.376878569063963269e-03
7.601856429041865815e-02
2.596144127531322537e-02
3.609732172109185021e-03
2.585413031061419703e-02
6.722929972765234472e-06
5.879763816901914693e-03
1.881075451002144766e-02
1.970544062337418068e-03
4.620424103224041006e-03
1.055712154366976333e-03
5.443132240131732906e-04
2.209251376718419609e-04
1.740702470009719907e-02
8.335936071917532386e-02
1.891983009291617612e-01
8.028722316505459283e-03
9.731119030379889456e-03
9.593582277337869835e-02
2.672546899623390250e-04
5.772303640290980722e-04
1.554696314903826699e-03
8.156802342971486821e-04
1.899250336255927296e-03
1.497376262984950746e-02
1.108020209773572082e-04
1.231252985782946979e-03
2.008355530756682282e-04
1.055893958779691730e-03
4.575799224471038124e-02
9.469506816727901385e-03
2.294167962825004680e-04
5.398198959610517452e-04
3.370508526180192310e-02
1.502908523466794499e-03
6.116380691322530483e-01
4.819034670424578448e-01
3.003603044976679588e-03
2.704548937625311789e-02
7.843042955255398810e-03
4.980121716000382578e-04
5.482954377031789422e-03
1.343446712216885865e-02
7.945919003940744504e-03
1.405429263784734213e-02
5.614782701461588270e-04
8.194383211557929557e-04
4.914740353794365239e-03
1.813648071451379531e-02
1.242106089546835424e-03
4.883157345692613373e-04
3.720430342407531521e-04
3.264122456563664509e-02
2.935222137986174054e-03
1.170804752557116045e-02
7.025127595495643529e-02
2.895000641849660231e-02
2.327099212176472406e-02
2.177636328216148750e-04
4.629282064543230324e-02
0.000000000000000000e+00
7.168919078682930990e-02
1.008788345550963167e-01
4.507638643435686251e-03
1.691732641869401858e-03
4.545048699440827622e-03
3.496534577100134534e-03
4.473061346152115182e-03
1.092338845576455199e-03
7.847738044482699632e-05
8.447181486545807770e-04
1.761623735284639086e-04
2.524818590384494410e+00
5.241434128965215544e-01
2.224778917706097814e-01
3.062048339262943841e-01
1.256648101487697122e+00
1.894536091116211796e-01
3.619988913084960513e-01
3.521799647088643889e-03
4.864137286725656734e-02
3.251894659923838110e-02
1.752907694001866554e-03
3.965168983552740112e-02
1.140328399746647625e-01
3.312280351404257028e-01
5.846361877196384546e-03
3.288950729038815912e-01
3.729004314395216197e-03
5.110730033266727224e-04
6.716257133990715007e-03
6.209583145873961638e-03
8.733320463437103942e-02
4.157205244053728370e-03
6.323957144804034491e-05
1.368666948714677067e-03
1.112610329448208800e-04
1.816083749000090486e-03
6.945819406026280617e-07
4.864587634909172567e-07
3.855126991027362637e-05
1.059374453270216667e-05
1.346712016851463385e-04
8.642281338679010935e-07
1.920830210930678955e-04
2.686837981709590561e-08
3.544225049620697873e-05
1.441864894811085095e-04
1.195223449710653839e-04
2.899601493444801644e-04
2.690866149485487800e-05
2.099649827229736292e-06
8.811703292296764486e-07
1.048781897204949508e-05
7.245997959762647510e-04
4.626528738382164010e-05
7.186222786357135200e-05
8.664262203165734913e-07
5.716087202907556492e-05
2.419451659870701734e-04
4.524431056585754538e-05
1.300588466506879435e-05
1.369137291749228180e-06
1.102127364104707241e-05
4.618784617998752614e-05
2.983676303380494005e-04
4.055860205700457209e-03
3.903386099438872834e-04
1.446894884543921678e-05
7.273116564483913214e-03
2.988517742031578279e-06
1.499703667898496292e-03
9.282382661227384416e-05
1.397534199184054045e-07
1.933384008932421440e-04
8.581126717911248579e-04
6.252752099513887127e-07
2.153967751172940553e-05
1.925209140841467942e-05
1.514407373268156378e-05
4.869690076506832748e-04
4.626805300305194423e-05
1.847988137668631700e-06
4.021307536877175313e-08
2.501448057350334851e-04
2.482545113428457229e-06
1.268214921441182202e-06
3.516615600121238247e-04
1.958261042462353281e-03
7.276293344809250897e-04
4.121112403489383043e-06
9.922947536172919535e-04
2.399337706369837056e-04
7.842855476716357880e-05
2.891216021191032125e-06
2.004425625521987018e-05
5.570700140508528901e-03
2.211694823340928928e-02
8.174285071673869320e-06
1.552932434249434295e-05
9.960011874168889863e-08
2.661269022659381168e-04
3.258276874314884651e-04
4.055008094074180874e-04
1.282333979685157301e-04
4.852416188759454160e-05
1.400331001899869144e-04
4.017403972703197215e-05
2.230949455191377052e-05
1.814654092384980542e-05
5.009377868845100471e-06
3.542044379441212978e-06
1.586934417904997522e-04
3.565371296411570185e-06
3.825606563062199100e-08
3.172009897926093821e-08
1.602999987797095961e-07
1.089795375471888576e-07
3.863201461929755866e-05
3.467301756882207945e-06
4.240781958185983688e-08
1.070457072466476593e-06
6.137733097568838459e-04
4.608902908268926521e-05
7.119472995437083992e-06
5.236110216298666718e-06
5.669767607618623204e-04
2.364594691196252469e-05
8.545978947287315240e-06
1.592322802911490361e-06
6.971723004743227495e-04
7.475240412652645148e-05
8.334678332505553134e-04
4.019181459202196159e-04
2.385386223173687240e-05
5.428646068513231483e-06
9.524308793822758935e-07
3.567743414858950588e-05
4.494879783923683202e-09
2.753286166177991932e-09
7.503187374968713877e-05
2.262854727724711024e-01
1.094607280480908683e-02
1.004702378956802769e-02
5.915360261193964436e-02
1.807298935378906166e-02
3.243675576480869668e-03
8.687283490207536873e-02
6.930537939243164650e-03
1.060948393729645384e-03
8.667448829344266562e-04
9.441960516580322205e-02
3.543817378380902886e-03
2.564660587517266220e-05
1.502171161902278138e-05
6.475856662988700556e-05
2.184001302400269298e-04
2.889432973641186818e-04
6.081819485108503443e-05
6.956487047530763906e-06
2.700662331448871640e-05
7.369394788156986105e-04
1.119512587233267652e-04
1.029109904212653925e-05
2.445858226746460882e-04
1.499614101202486846e-04
2.428516479392308974e-04
1.144193629748674649e-04
6.864678594026524076e-05
8.727380988921229705e-04
2.914495171891170479e-05
2.537729417462827181e-04
7.117919091715229003e-05
7.535065291946995334e-08
2.593885125994123091e-05
1.147855323603531098e-05
7.989335846313637358e-06
9.410847311233539536e-08
7.294229135848560375e-05
4.821502876623377470e-06
2.205051751274488135e-07
6.410508559407439254e-07
5.174833829313731803e-05
