154
37
52
51
118
158
157
117
10
155
96
97
31
9
100
56
160
286
144
166
283
169
83
57
156
289
44
141
167
86
73
143
14
45
290
115
95
159
60
84
2
111
34
35
120
293
3
98
165
287
137
94
26
162
112
138
284
42
74
77
54
88
99
172
134
285
70
125
53
174
32
163
33
139
55
43
24
168
164
20
294
11
149
25
64
6
147
65
311
91
12
119
75
116
46
80
72
67
177
22
145
17
175
85
13
104
135
79
148
66
102
114
1
92
0
303
124
103
23
76
16
78
93
27
38
292
68
161
152
110
129
136
82
304
40
29
173
299
48
150
30
186
113
18
309
7
146
313
50
47
306
184
207
59
153
310
126
308
295
300
307
61
108
298
28
132
130
5
314
4
188
170
297
8
288
87
101
63
71
198
205
305
106
15
211
209
128
206
320
90
296
208
171
21
179
49
312
239
107
214
291
183
213
181
151
140
210
317
191
324
182
301
105
189
131
58
302
318
187
178
121
19
316
203
197
62
81
212
39
204
196
89
41
323
193
109
180
127
282
176
185
321
192
274
133
69
315
215
123
190
279
275
223
230
221
322
194
222
231
200
202
319
216
219
265
264
258
238
232
122
263
266
226
233
201
236
273
261
217
248
240
260
220
218
199
254
245
256
272
225
234
267
227
249
241
250
269
251
246
229
259
237
257
268
235
255
276
228
253
252
270
247
195
277
271
278
243
244
242
262
224
281
280
142
36
