1.570970251494308760e-03
1.713454734151685513e-03
9.395888243313128829e-02
5.669993166006281199e-02
1.674009097416228036e-04
1.853382847044304478e-04
4.618216495192191580e-03
3.923784019712126393e-04
1.247779468250261395e-04
5.208439057100298086e-01
8.570851278221324199e-01
7.039159250239865849e-03
4.289931789040347249e-03
2.453085801674761111e-03
1.462717177212973230e-01
7.056278162145422552e-05
1.079043938345224454e-03
2.993523698381698930e-03
4.852602251996878356e-04
1.324836973980315547e-05
7.192240736689656244e-03
4.613979765359849973e-05
3.068692535228990936e-03
1.203054872177644185e-03
8.283380626294625446e-03
6.288804719590829900e-03
4.107496348239430412e-02
9.325069498680577367e-04
1.994682079260976534e-04
6.087772453840856798e-04
5.214004030598620590e-04
5.664175454440582014e-01
1.325189398588483801e-02
1.250019827404465038e-02
7.246626183697985057e-02
7.216233126595646141e-02
0.000000000000000000e+00
4.759775198509681005e+00
8.897742341472529874e-04
1.070187375771407966e-05
6.368581462592197082e-04
6.580520854256081334e-06
3.218177218606168427e-02
8.479866488108975947e-03
2.134022086703215026e-01
1.200031276504019417e-01
3.886913888627178439e-03
3.755374626051140525e-04
5.571317240137525859e-04
4.062012314561606028e-05
3.776534047661026178e-04
2.247395075718690904e+00
3.246066274063694745e+00
1.442140228463441483e-02
2.591657073652987517e-02
8.838669307700650069e-03
4.088596303743646243e-01
2.706520245368313482e-01
1.404820755668966641e-05
3.405765815733923494e-04
1.067920803807303476e-01
2.313186645720527674e-04
1.170822091999649800e-05
1.040047894365695705e-04
5.272417944144800264e-03
4.456264677513393190e-03
2.064191311526836388e-03
3.335515235935837108e-03
8.450081879848403248e-04
2.172077778638410418e-06
1.631604879440251565e-02
9.773729146108676795e-05
3.469941761376293433e-03
1.698327790395886272e-01
2.908803554885058124e-02
4.231636712083249562e-03
1.144747157701343082e-03
2.689039030022120566e-02
1.057044142813686914e-03
2.318536194108774141e-03
3.845296804874357051e-03
1.163587170998508706e-05
7.762751357923955474e-04
2.828180883146146907e-01
9.505173296818229811e-02
2.623974967697186109e-03
1.754100230883157141e-01
1.107849315048924961e-04
2.496382037490456687e-02
6.830924405306157957e-06
5.801460008886984149e-05
4.307789597018739369e-03
1.671387163728509139e-03
9.625720097659836751e-04
4.375774847809225238e-02
1.089844504157345823e-01
7.091166060100358992e-01
6.971593505248304679e-01
5.191024236714668338e-02
2.389213293913065167e-02
4.432379036646738046e-01
1.087901641126241185e-04
2.031591276639615421e-03
1.227505580783110669e-03
2.407464489429275972e-03
1.882459986824984856e-05
7.259191853165286156e-05
3.717053058283800558e-05
2.247778043788571753e-04
4.846847363661785873e-06
8.040730471975999789e-04
8.743401911936513060e-02
4.008793846112682774e-02
4.852829621372285783e-04
1.796409120034725762e-03
1.093295497141797412e-01
3.922504957458561488e-03
1.120372135343313591e+00
1.966074192404687615e+00
4.273884048193588372e-03
6.399061917348247697e-02
1.335164992064828431e-05
1.095984559339345266e-07
1.530650026278225759e-06
1.313166459805768056e-03
1.500260300999607839e-02
2.862419849097927330e-04
4.641466680603194811e-06
6.608780914573081139e-05
8.040312888212765470e-04
1.876923801200174307e-04
1.629440662173606527e-05
1.930589390666509312e-04
3.131498967246299990e-06
1.923477478424710091e-02
2.376869852301588884e-03
7.974437290978666094e-04
4.596909476790058541e-02
3.963327832875438578e-02
9.796264250268955573e-03
2.757860487729125600e-05
2.022481392189211802e-01
0.000000000000000000e+00
1.609288042023779564e-01
3.584018629789378352e-01
3.055294142589273787e-03
3.922747916513379812e-04
4.499753816874821691e-03
2.183064102257213732e-03
6.500207463411369208e-03
5.545814189213621806e-04
3.255417302313429965e-05
8.236904806473186813e-04
3.353059545972478087e-04
5.391424291327584051e+00
8.549030549691351011e-01
2.642509365686025458e-01
1.331714249410144602e+00
1.532744659875242998e+00
1.071641190560005397e-01
4.027705042205305674e-01
8.266146944269914254e-04
4.014176121208356401e-02
1.286079484452896417e-02
7.236010300059682147e-03
4.944091290858085991e-02
3.309359463782995392e-01
1.998407823502151570e-01
7.342470991908918963e-03
3.124373301058482322e-01
1.288408480979942236e-04
5.126276422422629893e-05
2.328828307005211332e-02
5.953643779312591238e-04
1.390509197121113892e-02
2.806490625846441538e-03
4.080011920149316603e-06
3.281715734096347665e-03
1.361790473053960794e-05
4.079350874732610055e-05
4.651500136554710785e-06
3.324893933286582120e-05
2.075881549282965021e-05
3.458238508386011248e-05
3.536348037187864255e-04
3.838895320797020484e-06
5.185168357973258873e-04
1.387232985503709552e-05
1.292697485140474546e-04
1.859164128903150980e-05
1.254064520444963804e-06
2.149206744188213354e-05
3.370621226293964574e-06
5.552691472603020317e-06
6.583848294061045905e-07
1.929185865829816960e-09
6.871007720409706445e-06
1.202472257343801924e-05
9.027832151732378355e-05
4.215744147459045255e-08
3.898073177335537492e-07
8.916333532872521502e-08
3.036441289591525050e-07
1.211661515773383969e-05
7.677892843278517332e-06
7.756792678722714679e-05
6.413467933851581303e-05
3.486501233710700780e-04
5.214163007284498022e-05
6.621697368194858998e-05
2.587535595221205040e-05
6.796233070968147965e-05
1.134532121790054915e-05
3.416375690173126473e-05
3.586112727823720614e-05
1.565988131003081670e-06
2.585759761707963499e-07
7.491771073434514288e-08
4.347864481948136176e-08
2.266785090013233104e-07
5.118725652655637324e-08
8.815256254052789457e-07
6.354613528480117812e-07
1.081333229604367824e-06
9.205229830078116231e-11
2.033673794819146926e-08
1.032299772992818613e-07
1.830106976451537313e-08
3.478729167543556750e-09
1.028377941690096631e-08
1.037792468890761906e-06
5.019386226277400720e-07
1.415304973481369474e-07
9.092070642189058355e-08
1.983501151674223217e-08
5.171553448283835827e-09
8.453179405526021707e-08
7.937739134381905319e-09
1.612762388685389657e-07
3.914941265711784812e-05
5.680469741062204224e-08
1.414522387467587267e-08
2.068126221929073424e-10
2.886272826630002899e-10
2.562990656380632973e-10
2.708378131872259553e-08
1.081223446842244607e-08
2.054543662176772920e-09
6.232852834789816004e-08
1.588623317703657516e-08
1.224491248399037091e-08
1.096774620835299837e-08
2.749492495579281855e-09
3.021618488149080653e-09
3.903458022815934595e-08
4.805910262541384553e-09
2.470954071209079817e-08
7.104951843523091562e-09
1.642290867618977736e-07
9.095983349929902738e-09
5.137977578773976603e-08
7.709221185267704292e-08
1.779674970573193544e-10
1.072596033893311617e-07
1.902285348540922052e-07
2.265460767495238182e-07
1.067317161960537509e-07
1.903284289002783510e-08
7.049755262370200682e-09
1.136165767820262735e-08
2.239848089861536837e-09
1.003269015924593586e-09
2.436478193384549941e-08
8.174357735079126515e-08
3.159198632674615030e-06
1.102450011800308984e-06
4.500884111480860277e-09
1.114485572213447699e-09
6.572859261497598089e-10
1.127146572323919306e-06
9.745328101754858571e-13
2.049030890577631120e-11
4.148891714090647355e-06
3.178464470201101677e-01
3.533383555060487513e-02
1.889603815719720012e-02
3.839699099499255808e-01
4.747368190937881899e-02
1.130604859620368789e-04
2.579282597694294021e-01
1.141968911551474036e-01
3.579743492384561865e-05
8.876244989838084258e-04
5.918352758057964652e-02
7.082777629239852234e-03
2.693719699221312379e-04
5.284497668657391994e-05
1.271521606340104385e-04
2.043115954754396444e-04
5.822504684948699369e-04
2.603149742348837806e-04
2.072506525880744768e-05
1.401416771648590532e-05
1.378769608138341292e-03
7.278312085717424150e-04
7.273816936706714478e-05
3.622077504402265854e-04
2.395088076286147670e-04
2.703282567237292070e-04
4.117071444805155307e-04
3.347215849028714802e-04
4.312077457970213933e-03
4.061440580763492645e-05
3.900660771872032457e-04
1.804347114556276882e-04
1.867105065670699044e-06
1.315283905976685705e-05
2.238620249609248056e-05
1.389215298897691347e-05
2.818052587211337393e-07
6.265988283234008029e-05
3.817150313855811731e-06
8.061199732414237950e-07
5.845135070000207210e-06
2.133895295124360611e-05
