157
154
37
52
155
118
31
160
97
169
117
158
56
100
167
115
51
166
10
112
96
174
156
35
120
162
73
14
164
44
283
9
45
83
144
86
286
26
57
111
141
289
84
159
143
32
163
33
293
3
77
119
60
74
94
2
290
114
95
165
98
284
24
311
138
70
34
161
287
137
172
67
134
88
42
103
54
43
285
104
17
139
68
149
53
99
20
294
46
177
75
55
65
80
40
125
306
64
303
147
168
22
82
38
72
25
78
239
66
85
124
145
11
175
116
47
30
79
106
130
48
61
313
113
39
91
12
89
126
146
18
136
135
102
173
6
148
76
129
13
211
16
29
292
121
27
238
23
314
179
152
150
170
108
59
110
123
87
49
4
1
92
304
81
299
208
93
288
207
153
305
198
309
230
0
213
28
131
308
5
178
105
90
69
50
312
300
233
132
71
310
307
297
197
274
7
196
272
295
128
291
217
316
298
184
186
205
231
264
268
183
21
101
63
171
181
19
245
191
127
222
140
275
209
324
182
122
234
201
244
8
229
189
133
254
109
62
15
243
107
248
58
226
320
282
315
151
317
214
323
296
301
41
216
188
246
176
206
190
318
235
321
322
273
302
210
249
279
200
202
204
247
265
192
250
203
223
269
237
260
276
251
193
241
219
212
220
221
270
180
195
187
255
232
266
277
252
194
267
319
240
227
253
185
261
215
228
271
258
236
224
263
278
199
218
257
256
242
259
262
281
225
280
142
36
