2.537778626391365075e-04
8.622043401813561615e-04
9.998740126470741230e-02
4.588840408328413722e-02
1.666202945420887447e-04
4.921372151902821731e-04
3.501237955589201010e-03
3.382141224373880119e-04
9.918189894423022298e-05
5.743532419572106029e-01
9.376984036278597223e-01
3.393564398511718372e-03
3.753022159349960699e-03
2.730134345426283009e-03
1.398408430819578496e-01
9.225859447674624142e-05
9.731715473321025977e-04
6.821180024917833894e-03
9.264540245169021297e-04
3.860966311767429220e-05
1.309669232753433131e-02
1.824911537582516667e-04
4.523534756850191088e-03
1.713443789249802490e-03
2.690656026953800947e-02
6.743826768941518605e-03
4.060916255287255749e-02
1.742376433405895715e-03
2.503362903736662841e-04
4.743221510368640626e-04
9.583777826242569076e-04
9.029201634516789143e-01
1.003305657919441665e-02
8.626557871594149260e-03
1.350636776605277679e-02
4.339361787318507524e-02
0.000000000000000000e+00
6.671974831607291989e+00
1.188736896373740774e-03
7.758411197797904842e-05
1.435920505687059753e-03
9.354351220472719176e-06
2.032379542010046350e-02
1.053387294441796365e-02
2.563773399652135576e-01
1.630666970363872093e-01
8.778362831299934763e-03
6.304012315478976607e-04
2.961140475703089893e-03
1.062429900864567394e-04
3.195451917073820832e-04
2.996937592996568256e+00
4.829169264440013265e+00
2.350034357989709208e-02
4.134915398956870436e-02
1.884988543336470418e-03
4.653062088832788934e-01
1.096641435784637547e-01
5.076074390722628757e-05
8.307064752716827524e-04
1.314127221505854981e-01
1.321160476418824356e-03
1.630037102023988751e-05
4.515895919815245531e-05
7.792391421210450274e-03
8.641764736646654829e-03
3.995796620019601876e-03
3.466815661340189470e-03
2.076564097885588885e-03
1.037598066387941513e-05
6.578483956737084248e-02
4.650656631144123592e-04
1.015933685813009274e-02
9.815565884194986379e-02
8.923831432737412694e-02
1.073289694055670762e-02
2.244159351635469785e-03
6.216775575959828520e-02
2.683184606710539363e-03
3.297924548521076037e-03
7.010274328848416746e-03
5.095566450234104687e-05
3.553232421524497951e-03
2.871312127431950856e-01
1.029896420243063826e-01
4.919155515688576619e-03
1.546664481333766272e-01
3.186094855710003716e-05
2.312461738941997899e-03
1.686914600153623925e-04
2.516748908698123442e-04
4.030723985152584454e-03
7.220157484542471518e-04
9.159386411113572919e-04
3.812960690640479489e-02
9.232210121494174859e-02
5.327692647553702310e-01
8.703662100202619323e-01
2.581099796181660425e-02
2.552930878647617988e-02
5.393028270303972249e-01
1.700586958644419188e-04
2.076068065617157031e-03
4.344471173442764414e-03
3.535507548489947704e-03
4.158334418604592742e-05
2.509722230373450714e-04
5.032844234091745847e-05
1.714819380487140514e-03
1.112969434335337182e-05
1.433838293400410517e-03
1.406576539950694371e-01
2.802618387180352486e-02
7.435434413560262088e-04
3.132626513114770625e-03
1.975873002970340020e-01
4.683442965905697773e-03
1.521491540598550518e+00
2.363462978353435329e+00
5.624914597031405172e-03
1.065623803769848721e-01
2.844341900473961360e-04
3.897518210770465557e-06
6.016611760089005811e-05
7.330085622867564023e-03
1.274842207369187956e-02
1.239979053431071194e-03
3.873369285881902746e-05
5.145112133120074153e-05
3.368167895070743253e-03
1.027310389666587003e-03
8.433531375807542716e-05
6.182730882671339662e-04
3.412067087114670612e-05
3.939330275908223267e-02
3.705896397166196388e-03
2.438836336742346029e-03
8.502566680380199693e-02
6.764735783740985497e-02
2.601310772493801993e-02
1.100103538204781368e-04
1.825020301760248431e-01
0.000000000000000000e+00
1.761561884518197119e-01
3.211132228977086611e-01
5.639866486450628366e-03
2.242203289636262361e-03
5.828309541169183518e-03
4.017929195601445576e-03
1.091002925504117906e-02
7.327280710001375002e-04
3.484656972473079641e-05
1.144891106016107879e-03
7.561540390458599539e-04
7.276184630824269917e+00
1.633911871453632703e+00
4.739502195218606717e-01
2.503252321400209812e+00
2.570831958611573320e+00
2.608695750295473847e-01
9.594971483092598064e-01
4.838686543104243030e-03
1.075744869984509300e-01
4.526312309147096508e-02
1.364630887566269449e-02
2.508969834020336603e-02
1.393530141004972467e-01
4.760583923727710332e-01
2.392971358798273024e-03
6.546253877948922106e-01
8.536846202116626882e-04
1.015599537725812396e-04
1.936890789334607191e-02
1.559731150574892363e-03
1.599602802763570863e-01
5.963700128146919022e-03
2.671975279324379358e-05
2.267788643844379989e-02
2.589420033259472263e-04
1.100201500501201985e-03
3.132287304722311752e-06
4.381520051026706076e-05
7.767110862671036469e-05
5.189051433997582201e-05
1.826882091131889195e-04
5.979613030414911982e-08
1.659356166397687093e-04
9.995444000650856298e-07
3.934474711448635362e-05
6.150150629144555525e-05
3.706416144282753051e-06
2.684073335384563758e-05
6.041013671468101313e-06
2.080265407206538179e-06
6.435636101461967150e-07
4.169382804026858498e-07
1.111755847672175742e-05
2.954649635000445077e-04
5.602908485247086847e-04
3.810063000794672351e-08
1.492348181063659673e-06
3.305129894330266447e-07
3.386503700862596620e-07
1.455027162016888674e-05
1.282772361125905170e-05
2.360479408553489640e-05
3.440045025034774357e-05
9.249420580455991383e-04
9.701802781348316381e-05
5.348475399728441315e-05
3.073174344085571934e-05
9.550264848224531398e-05
6.802271193061041512e-06
9.196459861687709882e-05
3.613020111383029580e-05
1.644258032169388950e-07
2.975567575630497604e-06
1.357294924052664400e-06
8.323617577097769138e-08
1.188991668588674158e-06
4.430295335879242624e-07
2.401609309569836549e-06
4.795959898227075471e-06
3.446301025976665571e-06
6.307775704048957056e-09
2.036827925265001006e-08
1.212775707064825684e-06
2.130687049306810493e-07
1.437417518463302153e-07
1.548807373596458165e-07
8.848528507629764160e-06
3.938999975987763570e-06
1.078322471397576937e-06
1.424924592930293809e-07
3.905417051747015704e-08
5.516616888520346106e-08
4.424448069329321996e-07
1.515918628331875063e-07
1.659823497173612211e-05
3.511811589118351315e-04
1.127443837378848441e-07
1.323949358672078074e-07
2.603820737569135587e-09
4.957038001533944428e-08
4.245354478363121865e-08
4.311879200477106764e-07
1.734392058177671364e-07
1.230159435387070513e-07
2.721229624160715590e-07
6.502464285180408528e-08
4.509331354247405474e-08
5.815234078875954818e-08
1.445321412039107003e-08
1.635967954998599931e-08
2.650137378708313624e-07
2.151236393799650126e-08
4.031579887152292329e-08
1.644625523677821271e-08
5.236374812628639335e-07
2.668729256225583465e-08
1.356853645120202304e-07
2.328807726187438296e-07
2.139530746758922090e-09
3.614645393795546793e-07
1.827801338637707474e-06
1.358536011040798477e-06
4.500800573164234635e-07
5.387199409372800626e-08
2.895417284632292483e-07
7.615766324527953381e-08
1.204129318529347573e-08
7.106202384222343003e-09
1.572231080750374303e-07
4.115044014090902077e-07
1.537339493021975940e-05
5.303318901385603664e-06
8.153092171322701552e-08
2.054335351437673579e-08
8.918062827130196650e-09
1.349960655781886048e-06
6.929300989712183450e-11
1.117269494453157984e-08
2.172552838438227468e-05
4.615538287659872729e-01
3.839329325985161440e-02
2.496820363686958269e-02
3.598164859861755493e-01
4.630434552460772207e-02
2.260151112518297804e-04
2.380029224185515602e-01
6.049695039834893096e-02
9.522796585983396773e-05
1.357677569641684576e-03
1.276753652164731023e-01
9.313772710553454293e-03
1.632534194958295702e-04
3.424304768588357973e-05
2.255633691261638206e-04
2.811244156735445763e-04
7.133058409944710186e-04
2.560191652483461105e-04
2.541017359254526831e-05
3.002955146905956214e-05
1.503733800876376654e-03
4.734448989905726875e-04
2.010074073295477855e-05
7.977060670955638281e-04
2.918927673922620163e-04
4.471565752844240335e-04
4.300585448649310951e-04
6.170465034039797976e-05
8.873624089716123514e-03
1.406739683822160088e-04
1.169641416887162938e-03
4.687204617664030536e-04
2.984979203487516436e-06
7.760116758572283718e-05
2.865368604069996173e-05
2.085816077532037343e-05
8.348422405982185567e-07
1.017717313493032329e-04
1.527831766425803887e-05
2.863477862416728923e-06
8.676689821749846611e-06
7.133940665038074325e-05
