154
37
52
51
157
158
155
118
169
117
160
10
56
167
31
166
97
156
9
283
174
159
100
96
293
83
144
286
44
70
115
42
74
162
289
111
73
143
45
77
137
141
60
163
57
120
35
20
138
86
40
14
84
165
2
139
54
38
95
134
239
78
32
22
72
287
130
55
24
89
112
106
53
67
88
284
285
39
48
3
124
61
26
168
136
94
98
33
75
126
161
99
290
172
119
34
173
80
11
46
149
121
238
211
311
125
68
129
175
65
294
164
17
123
103
82
147
49
85
43
170
64
145
59
91
146
25
288
148
81
79
208
135
230
66
104
179
105
116
108
6
213
76
69
114
27
177
90
313
233
5
12
23
110
13
131
274
217
291
152
71
272
128
292
92
231
150
196
264
30
50
153
268
1
113
303
102
306
222
18
93
19
127
132
245
122
171
275
314
229
299
47
201
21
244
234
16
133
308
191
209
140
226
101
207
243
109
7
298
254
216
29
307
312
248
309
189
310
316
246
297
178
304
28
214
190
198
41
63
186
107
235
184
282
300
273
176
324
58
4
202
197
15
200
151
265
247
8
320
305
249
279
223
182
260
302
87
237
276
269
188
205
295
250
183
206
192
219
241
204
251
203
220
296
318
210
221
195
321
317
270
301
0
266
62
277
240
267
252
255
232
261
253
227
322
212
236
193
224
323
271
228
278
263
199
194
180
319
258
218
181
185
315
259
242
215
257
256
262
225
187
280
281
36
142
