6.922565325080721297e-06
5.602935051504914343e-04
2.805219917793480566e-02
1.015337587755396620e-02
5.290390607706340638e-05
9.975406800380485443e-04
1.447497053776805554e-03
1.685438655519542496e-04
3.832168612719594029e-05
2.204526669055721366e-01
5.869076254674243653e-01
5.550370608247219735e-03
9.524997694518278716e-04
8.286740041707670859e-04
3.117580824779713281e-02
4.927907322521906080e-05
2.418015471037792568e-04
3.612612494338939429e-03
4.136748168287666234e-04
3.894264670668321588e-04
3.945787004968735745e-02
2.587400541745171192e-04
1.717172819460718869e-02
9.014437946375610834e-04
1.249944326780037980e-02
2.390338510087011790e-03
9.314377025554076636e-03
1.208330473333715837e-03
9.843943669802031240e-05
1.453486099362874897e-04
6.279521499499091325e-04
4.159704178954761189e-01
1.967771567493114757e-02
8.233684870358038907e-03
6.008002560164317843e-03
4.244872831202417540e-02
0.000000000000000000e+00
2.777967801361583611e+00
2.304317287859329599e-02
1.047099999989216899e-02
3.214730751458527713e-02
8.729663000537672365e-05
7.877136468204590236e-02
3.021899427585336261e-03
8.074408769202577607e-02
5.695975130193187824e-02
5.257498382377377363e-03
2.732120512225282797e-04
1.034509605693350633e-02
3.131902555376690593e-03
6.060011500143655137e-04
1.368363968527928742e+00
2.007193529358668904e+00
1.205129974088978324e-02
2.456852693504166588e-02
1.258149161674858643e-02
5.826288679048774455e-01
4.604474009732664047e-02
5.681900427442286951e-05
2.697524645247960720e-03
4.997482647263137845e-02
9.676916962703370831e-03
6.105470367852265922e-06
8.523147911802621594e-05
3.008641150560731250e-03
3.713534363193836656e-03
1.760609044576857398e-03
1.158188891028975702e-02
4.442368650913237731e-03
1.282574987838383225e-03
8.016622494337102833e-02
7.201479833349754868e-04
1.348744353273968917e-02
6.102666093024836785e-02
7.717457390514735616e-02
8.000398730930226646e-03
1.387135735883637290e-03
5.143524610925250679e-02
2.012518134106571974e-02
2.261594767463083987e-03
5.931945986850771339e-03
2.282546808178945088e-03
3.242645701237831853e-03
8.616579440686721048e-02
3.094311744814260551e-02
3.039421448477980930e-03
3.470693779909550525e-02
2.567270576998213378e-05
1.128786841930994045e-02
1.247987910185860416e-02
1.016793166626899338e-03
2.570425823397062218e-03
6.834871938274125454e-04
3.920040860372854736e-04
8.576554346118250502e-03
2.231031852446862043e-02
1.179243120245598159e-01
3.072336873448248129e-01
8.429328793587995486e-03
7.387712378598279735e-03
1.593626219373329156e-01
2.089964440476608403e-04
5.154905387074371244e-04
3.292406946159072857e-03
1.663954258363564524e-03
1.522569201258599939e-03
1.222773614995934822e-02
8.334651584046418645e-05
1.459737034403665260e-03
1.730201957915968774e-04
8.937610249697596279e-04
6.674056478990321450e-02
1.242704073855766846e-02
5.426184255542720793e-04
1.258634307952310582e-03
8.012072050650462240e-02
1.502334784485856618e-03
6.573056770830860707e-01
7.608379091042369868e-01
7.186546540125482788e-03
4.467062681628005544e-02
4.870345017574871996e-03
3.366200681828073133e-04
3.452942821647592489e-03
1.010287579275065580e-02
4.615092656000607460e-03
7.880283779874869624e-03
3.761447414185281569e-04
7.052735292472138385e-04
4.134862656717777814e-03
1.337195260749483687e-02
8.080058159717140110e-04
3.543758762109572866e-04
2.410311199026065373e-04
2.165527653705518960e-02
2.014440963868572351e-03
8.707446702057154361e-03
5.143060035142161396e-02
3.524198838688719776e-02
2.464882302433958269e-02
2.141106051677422204e-04
5.008572543295474605e-02
0.000000000000000000e+00
5.842147792025929182e-02
8.283913604946245568e-02
2.996624511366587345e-03
2.471336640109062302e-03
3.238205104375830538e-03
2.293563907165879507e-03
5.189986116871494852e-03
6.595766449934144064e-04
4.636051236573596245e-05
7.229743973899939924e-04
5.804352599504633038e-04
3.101346698158449211e+00
9.286819124960701277e-01
2.328031642859138550e-01
1.295695329014342034e+00
1.232440103901761397e+00
1.728753068405926019e-01
5.928192657779555175e-01
7.465392677587106597e-03
7.644554129202946191e-02
4.707910805771090695e-02
3.699499524776920026e-03
3.061934820591342629e-02
3.405509365888760298e-01
5.674853660024613555e-01
8.758046840318629150e-03
6.930314834980748628e-01
3.012409926644115787e-03
3.355537137026912836e-04
7.212117550381256723e-03
6.000897443592257373e-03
1.818904648515856648e-01
4.007877958935513428e-03
6.806481232098209055e-05
1.090553648263023305e-03
1.028525661879641992e-04
1.556986266231100971e-03
7.351125081182996008e-07
4.960853428094233954e-07
3.096399563815692977e-05
2.057819774120068067e-05
8.020641890762661560e-05
3.809841263459034262e-07
8.517375621909726289e-05
1.561091726198751886e-08
2.284430783018614967e-05
1.209014364146184054e-04
8.982450510302501107e-05
2.275738892370434406e-04
2.031839150762093014e-05
1.979599977974255483e-06
7.529039678171662637e-07
1.063507800957042777e-05
6.426449926039943823e-04
4.964113099099168221e-05
8.925967898956793320e-05
8.484324741514324004e-07
4.695905281907353934e-05
2.600880142546577374e-04
4.972850244427818168e-05
1.570239869508939398e-05
1.682554586746771183e-05
2.279898962708645275e-05
2.036407523626807231e-05
2.069143123634513122e-04
2.160034596727384432e-03
2.172523589173568808e-04
1.337880254227531264e-05
4.769947365830095459e-03
2.519195008836492101e-06
1.441843621332898921e-03
9.123014577005708224e-05
8.763789153089140787e-08
1.570350337400852733e-04
7.712096080220260871e-04
5.435714578882637392e-07
1.829140444341789221e-05
1.534472211038770791e-05
1.222523590133116782e-05
4.335023016863071184e-04
3.135474659879813002e-05
1.798840659128335485e-06
3.449172565893835304e-08
2.107098012671958004e-04
2.673501190182764491e-06
1.409583125504802103e-06
2.942659848291673155e-04
1.763026857720723225e-03
6.604142560924352451e-04
4.345778032465758750e-06
1.008923558037297255e-03
2.424598381302523929e-04
8.047198789152088872e-05
2.233768887276139103e-06
2.545565328047790700e-05
4.822606947080034304e-03
2.059223808074105502e-02
5.572124615851409157e-06
1.767705142080687266e-05
1.071794610226558825e-07
2.006037203078562116e-04
2.546175495514801197e-04
3.384807433104388059e-04
1.092545616983537038e-04
3.845749815585432338e-05
1.341347190062599668e-04
3.720303388716372810e-05
2.116673191760487955e-05
1.678809027383746318e-05
4.459596490432253847e-06
3.132716069739926310e-06
1.634486671773056280e-04
4.377792310788996886e-06
6.458154881407103437e-08
6.839908679211606592e-08
5.731277252646914998e-07
1.668863407262391855e-07
2.928705566069706579e-05
3.294934781454447850e-06
4.078124005941041787e-08
9.541206570470937324e-07
6.286433889297408624e-04
4.117267862762808952e-05
6.388858009111760465e-06
5.451875090510212316e-06
5.669386669106814226e-04
2.364191717685431088e-05
8.780222105372903981e-06
1.689314915588312735e-06
7.088715637527938200e-04
6.818946798772519908e-05
7.806096481960031995e-04
3.071875428344281764e-04
2.520646641570294398e-05
5.937624936552198935e-06
1.088531766613010523e-06
3.218099282382642017e-05
4.384423888693089583e-09
2.057027517554833838e-09
7.185350553213432003e-05
1.922019729031322066e-01
1.057136175416670265e-02
1.053933911688296511e-02
8.079562928572216196e-02
1.339729865739790887e-02
2.306824182793881448e-03
7.346100491212621819e-02
7.289794837822986817e-03
7.398895814278119059e-04
7.006606847418948890e-04
1.102793890063226007e-01
3.704030200928846561e-03
2.236847111838803157e-05
1.534365008039859202e-05
1.039344416931408548e-04
1.662777082285062981e-04
2.870093609899285582e-04
6.981735263862180730e-05
7.852543189631724436e-06
2.696659589077934612e-05
5.311956128001229680e-04
1.020962197734638248e-04
3.795754221314222624e-05
4.663151900177365953e-04
1.393767954809723819e-04
2.378265260805971992e-04
1.263372744025976970e-04
1.162308483066947228e-04
4.719546597669701735e-03
1.383544535168073708e-04
1.015678649177318349e-03
3.060804455751916218e-04
2.150013140177404515e-07
1.150853362576134014e-04
9.106632996989171033e-06
1.486888249797066629e-05
6.518785473898841385e-07
3.797048396231877168e-05
1.047974310028053210e-05
2.626376077548303379e-06
1.715358882160125699e-06
6.065889011974868208e-05
