154
37
52
157
118
51
158
155
117
31
97
96
10
100
286
160
9
144
83
156
283
57
44
166
115
86
56
289
141
73
45
14
111
84
94
112
167
143
169
120
60
95
159
2
26
290
293
3
98
162
34
165
74
284
77
287
138
88
172
137
35
285
174
70
164
99
53
54
163
42
139
311
294
24
43
75
125
25
20
104
134
55
32
46
145
149
17
168
80
147
85
33
177
64
67
116
114
65
12
72
6
22
103
119
91
175
11
79
135
13
161
102
66
82
303
23
148
76
18
27
92
304
124
113
313
16
110
0
30
29
78
306
292
1
299
152
93
309
129
136
47
150
153
314
146
108
308
173
300
38
310
307
295
48
4
61
59
207
7
298
184
40
28
297
126
130
68
50
49
198
132
87
186
312
5
305
101
288
181
8
106
188
15
320
71
63
179
170
183
182
21
171
317
296
205
62
90
107
318
209
197
301
128
58
211
316
214
324
239
206
151
178
140
291
323
191
302
208
189
321
210
213
105
131
204
81
196
315
187
193
121
282
19
212
176
180
109
185
69
89
322
192
203
39
127
133
274
41
215
279
194
319
190
123
230
221
275
223
200
258
222
231
202
219
260
216
265
264
238
240
232
266
263
233
261
226
227
256
122
273
201
217
236
218
248
199
220
259
254
267
228
229
272
225
234
257
245
268
241
269
249
237
250
246
251
276
255
235
195
270
252
253
277
247
271
278
224
262
281
242
243
244
280
36
142
