1.044087172754374140e-03
9.099946465278130727e-04
1.019715838940535996e-01
8.677494039941778536e-02
3.607614573566703012e-04
1.402755932734161062e-04
3.997389059337493750e-03
3.116255473291832225e-04
1.002876398965867652e-04
4.383864441866216488e-01
7.459022351833630715e-01
3.376428117649791713e-03
4.291156933010547257e-03
2.403887783175692218e-03
1.753616864431591094e-01
7.780382039721792011e-05
1.175398614096526042e-03
6.751510296179438243e-03
1.328513870814614127e-03
7.971676798345623491e-06
8.677285801211189267e-03
6.129092541541253131e-05
3.976600507192139256e-03
1.622255161622239428e-03
1.083960517946039488e-02
8.944781827109142200e-03
9.958708487957490529e-02
1.250564010236671552e-03
2.867400633688649606e-04
9.736292248293631872e-04
1.024857306925212137e-03
9.464134086703541726e-01
7.457089469142972812e-03
5.106659053752067405e-03
5.482058539935268093e-02
3.482049932348724869e-02
0.000000000000000000e+00
5.581664089669803985e+00
3.946883035887176140e-04
4.043633884420762994e-06
2.904983007019228168e-04
2.475431492589829213e-06
2.075599392252306871e-02
1.076646599973552464e-02
2.734363751847977420e-01
1.785807544816012948e-01
7.114084163648223130e-03
6.307247433508104181e-04
3.671510758380658302e-04
2.080240808516161321e-04
2.281137374753641452e-04
1.569684046896948626e+00
3.452980397563402803e+00
2.244251470891140549e-02
2.236692522710439016e-02
7.785286725291990298e-03
2.497201838313219957e-01
2.874748024093207732e-01
4.008703755143135620e-05
3.293634534381464571e-04
1.231328390643518511e-01
3.324268931042168073e-04
5.206171901034117649e-05
7.081710288396360624e-05
4.840053425004565806e-03
4.324342291302540366e-03
2.107683823426905606e-03
4.569483399921132720e-03
2.586143608640156994e-04
5.666623616205121095e-06
2.606075341073878573e-02
7.379570887382989582e-05
4.070939476295848229e-03
1.991126944293276635e-01
5.051360276615972367e-02
1.014800593362010991e-02
1.434059396909516219e-03
4.337411794687774658e-02
9.639124890959380491e-04
3.117953971032226112e-03
5.740746162136605053e-03
1.451331315490681451e-05
1.716931038184903472e-03
3.442092228062906267e-01
1.504260854567427697e-01
5.186385615272958403e-03
2.642411679305223804e-01
1.650956669333947724e-04
3.703038650914532159e-02
5.158210847392567663e-06
4.909167537714201053e-05
3.574585654206920322e-03
1.242703110074662009e-03
7.428683466043595153e-04
1.446090413954043696e-01
1.198515513782881931e-01
7.716760796718621362e-01
8.885458002050131698e-01
6.421243940442475373e-02
2.399370657723958258e-02
6.792074783931757453e-01
1.197890456048996728e-04
2.171500797029997376e-03
3.899882267072826876e-03
7.838462121516349967e-03
1.713834331547276846e-05
9.718032688263307766e-05
4.830899208207844049e-05
5.080841324431474961e-04
6.448104471760101064e-06
1.082299833888160021e-03
1.534087103905855398e-01
1.438300774525377856e-01
1.198089459571089789e-03
4.381275826150175627e-03
2.715198798240928690e-01
4.400099202536963960e-03
1.219337523279795388e+00
2.965253349023598162e+00
3.670293153783633650e-03
1.255859566365068181e-01
9.406003920603068881e-06
7.762857888319138515e-08
9.749296570811236098e-07
1.217970026481635104e-03
1.005414968777937866e-02
2.732111806921653152e-04
3.529332702380379700e-06
4.159830234792329264e-05
6.754429864585662557e-04
2.697804639548831472e-04
1.631980842054049898e-05
1.839143134486460277e-04
3.200017617719992956e-06
7.792708745232286224e-03
2.688780524447385682e-03
6.344801786244952781e-04
3.499340361665537191e-02
4.095975869460433128e-02
1.757372474663619968e-02
3.180609561799664772e-05
2.084105588364458805e-01
0.000000000000000000e+00
1.422156386059465483e-01
3.447142552175792019e-01
6.897274015966542438e-03
5.137996200716322829e-04
5.203728346716640987e-03
1.576587249433512861e-03
6.807430103699082038e-03
6.172374384204261290e-04
3.290372367965995956e-05
7.505528736199456241e-04
5.781571724252457809e-04
6.487935318290487530e+00
1.337737101467840306e+00
3.403111624869347707e-01
3.023202342462462777e+00
1.509951377461002719e+00
1.116483655028900207e-01
5.783365898257555315e-01
2.229608988498801587e-03
5.794246803641951021e-02
2.082046644580553413e-02
2.450749981960262391e-02
5.191139173440488530e-02
2.731748610552364176e-01
1.427069538815684546e-01
6.555825241521633789e-03
1.356230983570355375e-01
6.583023908797952875e-05
5.693405876447349228e-05
3.514109270687060943e-02
4.004637383442339964e-04
2.762941227361336710e-02
3.535825781490615962e-03
7.181370421145314148e-06
5.094978515952547186e-03
3.183389535596123208e-05
6.973232840181750180e-05
6.552230248666776033e-06
1.004980781147996754e-04
6.352987025288857207e-05
6.555504781474252689e-05
2.923936405125725094e-04
5.731734493868143741e-06
1.489955746122101007e-04
1.072961849604516794e-05
7.849550609908866256e-05
2.267696885189509495e-05
9.913657577349663888e-07
2.616864909777864029e-05
4.836311613844552260e-06
1.052246455945013652e-05
1.526768142597493007e-06
4.468697136221174847e-09
1.218242733878470095e-05
4.325841405368881476e-05
2.069019113954717636e-04
4.466616999968003893e-08
6.852727588557278400e-07
6.886609719400082357e-08
4.603583776745192984e-07
4.498110859186657979e-06
1.471098423559337616e-05
5.278139918580430006e-05
3.529865400348622043e-05
3.203174161587906180e-04
2.360781658509082890e-05
4.591564708363030713e-05
2.059617829839159529e-05
3.833050641240356207e-05
7.690946229784223134e-06
1.775458995862630337e-05
3.666973605153898421e-05
2.172997686676666735e-06
2.438379311142926476e-07
6.119607913657802389e-08
5.274368040189040850e-08
2.604743159018610042e-07
4.267084619305541445e-08
8.814897208812992721e-07
5.669468957023677574e-07
7.562172739912908494e-07
6.548006245419215896e-10
2.559829996202954949e-08
9.864966432365996994e-08
9.731517231907034649e-08
2.929297602666014557e-08
2.706508077965379920e-08
9.310035540502899739e-07
5.003053646420853608e-07
1.371344432033328873e-07
1.039466934469502844e-07
2.195129479856450464e-08
5.278175361377215680e-09
5.946003044513763880e-08
1.258581617224383243e-08
1.607508079449475432e-07
3.559121798081387188e-05
1.488852216350127990e-07
1.686609129945436977e-08
4.494058658054157714e-10
2.522014094019288154e-10
2.275754620003763236e-10
2.106503026597868519e-08
8.954774502841607635e-09
1.653933571453203180e-09
5.001754235331041699e-08
1.457636925413745192e-08
1.058858199366678973e-08
7.665861471918680140e-09
2.296117853069784573e-09
1.959490614552107106e-09
3.127280943208722962e-08
5.991459061271598553e-09
8.731211331093005290e-08
2.155451529348725578e-08
5.876201287503733107e-07
3.320106337932717923e-08
2.579425918376253437e-07
1.030681233107460834e-07
6.304812410519938487e-10
1.259676004330988630e-07
2.094103624999163143e-07
2.269848176781896498e-07
1.348748197957902071e-07
2.933036746553372143e-08
2.037194516860435765e-08
1.544929414378209180e-08
3.098627679633813848e-09
1.348602203567529639e-09
2.688042883548487453e-08
7.443269168853572490e-08
2.535730825000169867e-06
8.400260638583191295e-07
7.302835776475176823e-09
1.834584450255662563e-09
7.119445358911795377e-10
1.717544445034186081e-06
2.504333317786427836e-11
5.080375630256304559e-10
8.330450248379080337e-06
3.171247955824758047e-01
4.891587354395206255e-02
2.852412448297882153e-02
5.886683945820782027e-01
4.178000591574090872e-02
1.162297883598716075e-04
2.425529655496341253e-01
9.776815412392662885e-02
2.991533092871450963e-05
9.104377890147497465e-04
9.075744089481151133e-02
1.210390125911202028e-02
3.699388299838138219e-04
5.353294875831311208e-05
2.742726311024916560e-04
3.009666462653744993e-04
7.803541610757753610e-04
3.984862134397319051e-04
4.249303694463577421e-05
2.459212586470869150e-05
1.708807434054816082e-03
1.234763797195350581e-03
1.344009524669636851e-04
9.249725051098210823e-04
3.733369403869782940e-04
4.036822721169246305e-04
7.036768503588382252e-04
3.933497774462720508e-04
1.619170617695636638e-02
1.437264512713440768e-04
1.189146432455052320e-03
5.376338217489921292e-04
1.178051767729817145e-05
3.671444385852998260e-05
5.461092222640091847e-05
4.624954329575947935e-05
1.073892649986483281e-06
7.681047567559768426e-05
2.073124417106799309e-05
4.888148504569192190e-06
2.953444599039656287e-05
3.596628433940117335e-05
