154
37
52
157
118
155
158
51
117
31
169
160
97
56
167
100
10
156
96
286
166
115
9
283
83
174
44
144
159
45
111
86
289
120
141
293
162
14
84
112
143
60
74
94
95
2
26
70
77
57
138
163
3
137
35
164
284
139
53
290
287
24
177
54
98
285
75
311
99
172
119
134
42
88
46
294
20
32
34
43
17
145
67
149
33
72
161
103
80
104
73
25
125
65
114
82
147
124
175
64
165
168
68
85
22
116
135
66
12
79
91
55
313
6
129
146
148
179
13
173
78
108
76
136
48
102
23
27
30
207
306
18
110
11
113
61
170
198
292
314
130
303
126
153
40
152
47
16
38
299
150
59
197
93
304
29
1
178
309
308
132
312
297
5
307
239
298
300
92
28
310
184
4
106
71
7
49
121
288
182
0
90
21
316
295
101
50
89
189
58
191
181
140
183
211
324
15
291
213
131
63
320
8
208
196
282
186
62
107
321
81
171
214
209
318
39
302
123
301
176
204
323
151
127
133
188
317
205
128
105
296
206
305
69
210
19
238
322
87
274
315
109
192
279
230
203
193
200
212
41
222
180
190
275
231
122
319
216
221
223
264
202
194
258
265
219
217
201
232
226
260
195
227
187
228
185
240
266
229
263
220
245
236
224
237
215
262
257
273
243
256
268
261
218
252
233
272
278
248
244
254
241
269
199
253
246
270
251
242
259
249
234
250
276
247
267
277
225
235
281
255
271
280
142
36
