2.129755380654503084e-04
6.484184655150433945e-04
9.993634155947735132e-02
6.543709309039942579e-02
2.931564595330716800e-04
3.933117505233135031e-04
2.992284822614699451e-03
2.600364052075298041e-04
7.790309995491905958e-05
4.277507520443077915e-01
7.504067030824598250e-01
1.676883377063211706e-03
3.513138505460357015e-03
2.562772113418976955e-03
1.632167671721338198e-01
9.546085485714488105e-05
9.514652631232905968e-04
1.220515665418974750e-02
1.722454182267927096e-03
2.252522706087408912e-05
1.412849150212218581e-02
2.043005786156323010e-04
5.376435599685577826e-03
1.980356179219255712e-03
3.398597581740729623e-02
8.036338497745376674e-03
9.866266624308211997e-02
1.969868515343966772e-03
3.091525989672712729e-04
6.616149178765408714e-04
1.962241120065306640e-03
1.679903530430886249e+00
1.317881768622197053e-02
1.124473598941578591e-02
1.316696905718765798e-02
5.703005555887109140e-02
0.000000000000000000e+00
7.568639673458664063e+00
8.217716985366245973e-04
4.952546581596865393e-05
1.038384253074548999e-03
6.047647476921247621e-06
1.762433522687172419e-02
1.270880438942704506e-02
3.054608632836523507e-01
2.246136990663459565e-01
1.513757448963532447e-02
9.519355297577440731e-04
2.032682141794096928e-03
2.394240777565334339e-04
1.545918179847560042e-04
2.237992386892634578e+00
5.248272957912043069e+00
4.020953691315969081e-02
3.336676734106030356e-02
3.212437726438491670e-03
1.146209180318695342e+00
7.639333803804254641e-02
1.283341413716154180e-04
7.711244114172317561e-04
1.444847602359539407e-01
1.519059674224898038e-03
6.551866705069585338e-05
7.924876111638862132e-05
6.479884873974758874e-03
7.700706016001317329e-03
3.636778490790585489e-03
1.143706865966795209e-02
5.529675554080728736e-03
2.613118962400340364e-05
8.807157176531543730e-02
2.823683657398528635e-04
1.042495619687123717e-02
8.615719476020262252e-03
1.350459017706713560e-01
2.949961950368316238e-02
2.383627061178491668e-03
8.008417113635306339e-02
2.520064128253186528e-03
3.479511240549591766e-03
9.024853648971755890e-03
5.535792751784467949e-05
7.156468727067106204e-03
3.458117357595596464e-01
1.585737593410432023e-01
5.444091643873884626e-03
2.217034726580275616e-01
1.453505826442137960e-05
1.589344642657731371e-02
1.475028374780575091e-04
2.061560153971396276e-04
3.336373019188799537e-03
3.408136977433859956e-04
6.957436091746620720e-04
1.163770375457927886e-01
1.014313304469545013e-01
5.826336603180763962e-01
1.196636814112065350e+00
3.331822592803132532e-02
2.397249798580163363e-02
8.060014178797886286e-01
1.792036997799216567e-04
2.017529829552652375e-03
9.789788215254642892e-03
8.867040198580181457e-03
2.915056129324572186e-05
2.915610066643695457e-04
5.586566950983835818e-05
2.395538355622655463e-03
1.262297069594897526e-05
1.681026101686000944e-03
2.227988589445251411e-01
1.500501791983674671e-01
1.634700726307146803e-03
7.525192148273335442e-03
4.812180693576403878e-01
4.847731618828679361e-03
1.800325420577128410e+00
3.705392773350122404e+00
2.011853760155865589e-02
2.033557995481644343e-01
2.261493490286467837e-04
3.397717221052996937e-06
4.503740208389538346e-05
6.526104941181594919e-03
7.707822807805275386e-03
1.168283132980868716e-03
3.368636128925974220e-05
2.935534422029823339e-05
2.690112013238896670e-03
1.260742803262309341e-03
8.477077271068856939e-05
5.359539509915108371e-04
3.358173485742355161e-05
1.995096384947978377e-02
4.295292018301797611e-03
2.188379879399804558e-03
6.016435523562090742e-02
6.917647609257279728e-02
4.142382594302303905e-02
1.198862389122865577e-04
1.818372413732387005e-01
0.000000000000000000e+00
1.465584384534438234e-01
2.857630717841341816e-01
1.194750606337982406e-02
2.661343734478274249e-03
6.598978647144889895e-03
2.631235052218683802e-03
1.141078887565411849e-02
8.056513955156261115e-04
3.525695025361752895e-05
9.886877811369138621e-04
1.118131624663114710e-03
9.159197822155293878e+00
2.601215436739944487e+00
5.931987966516294453e-01
5.213196351528670114e+00
2.476666556114114126e+00
2.478309840626469474e-01
1.381781240734650140e+00
1.033994070480892882e-02
1.643834019196940555e-01
6.728275135979948363e-02
5.686606695009314982e-02
6.093725290794182493e-03
5.118149176858771687e-01
8.544718940808744279e-01
5.800145077777062175e-03
1.399219939476025631e+00
1.394967451536334576e-03
5.458976715581979482e-05
2.243749079395127369e-02
2.529774106017160153e-03
3.339974236904322269e-01
6.483701480008865689e-03
3.835711052285089347e-05
3.377817911682511054e-02
6.470954846744113743e-04
2.576016648866959278e-03
4.342194693030258376e-06
1.202697146770767247e-04
2.188473162864553736e-04
1.077157391590017683e-04
2.969750752667791867e-04
6.866131262018679518e-07
6.625175238735838898e-05
9.359248021941354859e-07
3.308918802064375359e-05
1.372236523658753606e-04
4.311209494282003778e-06
1.206256660519266973e-04
1.105233211132628064e-05
7.845002478086158656e-06
2.000546087837141029e-06
1.056540850166500760e-06
7.094601664792635892e-05
7.686455557531024843e-04
1.392195288630751612e-03
1.798981619586462825e-07
7.411888282576150732e-06
1.175626156076522894e-06
2.113768364428608838e-06
7.861402462086148818e-06
3.652132376374049268e-05
2.983495082712890427e-05
2.748309939401258315e-05
1.894573739630995429e-03
7.222359527974733242e-05
5.161609796490429085e-05
2.581144248827989428e-05
9.999914988614784809e-05
6.589408388255669593e-06
8.530258457318436465e-05
5.175405127253784388e-05
3.672345962721614627e-07
2.977984020382468158e-06
1.378446543582002232e-06
2.847064169494993521e-07
1.418135036382169683e-06
4.203752863729883733e-07
2.521061844219856258e-06
4.984829043295504925e-06
2.338574167094354319e-06
3.690938793585034861e-07
6.585416821880613581e-08
1.095463409761330863e-06
1.048381123356551973e-06
6.992680159057442287e-07
4.799767037574647636e-07
8.742629258219382371e-06
4.182769927423693364e-06
1.101540648625598018e-06
2.511044270678121709e-07
1.102240666303979540e-07
6.482970962340916393e-08
3.852981139476224241e-07
3.673423374470677612e-07
1.806916038797145798e-05
3.622141575053585533e-04
6.167055088188322877e-07
1.900681466613062880e-07
1.436200379086876418e-07
3.200921922176502643e-07
1.940771096685372407e-07
3.922500327827266745e-07
1.541767588078696514e-07
9.040408932960108546e-08
1.975863918940253778e-07
1.233100089336497817e-07
1.089353701196280856e-07
1.463455363996197055e-07
2.705666965354695056e-07
1.764195709467012919e-07
1.930607712298309558e-07
4.201826548230815820e-08
3.115248434992246671e-07
3.522776225169757911e-07
1.910713432396766535e-06
1.268665971144944900e-07
1.085251822243524459e-06
2.948803495848337921e-07
3.577987691593630773e-07
4.791635227972750836e-07
2.138382222590458013e-06
1.460431526999372285e-06
5.581886346392877065e-07
8.420437503242050492e-08
3.109763625318973909e-07
1.892297051359537607e-07
1.507643473348007051e-07
2.504858989902097365e-08
2.119239856584508396e-07
3.250170394518992644e-07
1.417621481951662273e-05
4.213897830697827641e-06
1.064960572384200922e-07
7.491985647291148345e-08
2.029902350487866612e-07
1.011783732105582381e-05
6.419250629852817531e-09
5.226543587101462864e-08
6.784724958054445300e-05
4.100873478478409551e-01
4.544369505587892571e-02
3.135587568609666392e-02
5.240927075073444907e-01
3.699990773826204726e-02
2.252644533242236760e-04
2.092937541723102757e-01
3.973545131175372502e-02
9.015303120444752977e-05
1.286323688153260311e-03
1.670141006497106173e-01
1.427598748574510426e-02
1.822093469613966690e-04
2.914468679683737231e-05
4.150302130937620800e-04
3.507629331461677722e-04
8.158373633804061982e-04
3.424621725296735737e-04
3.959725347768077396e-05
4.644311011956954585e-05
1.189143066491206132e-03
6.863160086900050617e-04
2.717606272166314836e-05
1.749529397972121071e-03
3.783743494061299036e-04
5.603579480579033842e-04
6.176653309686473345e-04
2.987857692247188404e-04
2.790188917847416517e-02
4.356290423095177458e-04
3.013377599382219881e-03
1.282257414998030486e-03
1.355778629309468660e-05
2.010104522731718504e-04
3.145328867596782635e-05
4.997746726295490397e-05
3.039359104924529214e-06
7.868502073467306224e-05
5.579455052576937551e-05
1.536534118416825503e-05
3.527218130586665221e-05
9.645755075985444551e-05
