154
37
157
52
155
118
169
51
158
56
117
167
31
160
10
166
97
174
156
100
115
73
283
9
159
293
96
162
286
74
83
70
111
44
120
45
57
144
163
289
77
35
165
141
86
60
143
84
137
138
14
42
139
20
112
164
94
95
88
32
75
2
26
239
67
53
22
119
134
161
24
54
78
3
55
40
311
290
168
172
285
33
284
98
106
72
287
38
130
46
124
68
173
34
126
103
89
82
61
80
17
136
149
99
145
294
39
238
175
146
85
129
48
43
104
65
211
114
125
147
91
170
121
25
313
64
79
49
135
59
108
81
123
230
66
116
148
288
213
131
30
6
76
179
27
105
152
233
11
306
113
208
23
90
110
12
153
314
272
177
264
292
274
196
217
69
13
128
268
18
71
231
93
291
5
102
92
150
312
47
222
201
19
299
316
207
234
21
50
132
308
245
303
16
140
310
229
171
109
127
191
275
198
297
1
226
254
244
122
309
101
29
298
58
307
248
243
133
28
216
304
305
209
197
189
178
214
7
235
63
300
176
246
4
282
190
324
87
107
202
273
184
183
200
237
247
302
279
41
15
265
8
182
249
321
318
205
276
241
269
186
151
317
62
295
296
250
260
192
223
251
219
204
210
322
195
320
188
220
270
301
221
277
255
232
206
323
267
266
0
315
252
227
261
240
253
203
193
319
212
271
228
258
224
278
236
263
180
199
194
218
181
259
257
242
256
185
215
262
225
187
280
281
36
142
