4.083248104171808077e-06
1.498174852048522407e-04
1.898223325691004992e-02
1.177643622133407036e-02
6.774716277569644586e-05
4.073092277321837098e-04
1.129595097105530379e-03
7.851134897615383616e-05
2.777857543677160099e-05
1.342156303395531103e-01
5.750795239911969947e-01
9.351791238673072115e-04
6.760850434960108185e-04
5.575411695634733362e-04
3.017508362782600484e-02
2.939588353758057412e-05
1.853494894485825651e-04
4.963864025102117557e-03
5.312265659405280421e-04
2.659300507583876698e-04
2.643951673987704476e-02
2.225319415432269710e-04
1.607407892001729011e-02
7.912073374901232390e-04
1.210570910874291320e-02
2.156476542822629780e-03
1.839188326463070053e-02
1.058078975774829266e-03
9.721932434109778096e-05
1.290928664513270579e-04
1.162316178215108946e-03
7.169382494333086386e-01
2.156031843853511640e-02
9.105156748873783831e-03
5.874677487812873453e-03
4.677112804643856342e-02
0.000000000000000000e+00
2.670807269652658356e+00
8.035481022712851265e-03
3.728574189155174287e-03
1.146912329272622814e-02
3.010966297218369163e-05
2.890574825953556859e-02
3.020508900230397913e-03
7.516477127023152294e-02
6.329711539988149005e-02
7.170470243083551520e-03
3.242295705117977317e-04
3.124741451584607706e-03
1.829425525372328516e-03
2.175729187510771665e-04
1.011275853279485881e+00
1.897889807682722862e+00
1.796778160009492378e-02
1.190995287750221121e-02
1.149012365821579749e-02
8.768031368381460355e-01
6.093587528829615824e-02
1.174928986152360343e-04
1.626788448448819634e-03
4.095166234122032956e-02
5.407461044837896975e-03
1.930390305191167268e-05
7.455278506999631701e-05
1.965569039116055790e-03
2.739490060412252698e-03
1.292486591768464118e-03
1.828514882530070038e-02
7.082038100243964740e-03
5.616496873101480339e-04
8.629098062890590282e-02
5.100206155615764556e-04
8.538240064075358626e-03
1.458620608695447851e-01
9.360146398380286836e-02
1.985075571059280106e-02
1.099539025932384133e-03
5.148965303435271146e-02
1.179343032239282135e-02
1.843037311281046139e-03
4.975126370119458373e-03
1.521898397163067669e-03
5.481441790863521464e-03
8.901012532300918434e-02
3.664575165007408902e-02
3.214325093178932967e-03
4.136277266830436228e-02
5.566522862922854202e-05
2.179958774811972463e-02
5.495582453526091406e-03
7.150612456994494097e-04
2.434521104202839754e-03
3.897072652006711982e-04
4.863325614867679064e-04
2.202878443615947229e-02
2.181287308666007146e-02
1.149053830215990141e-01
3.717687856153347736e-01
9.003100181879252970e-03
4.756274720794434127e-03
1.983794897156965220e-01
1.308853090678642559e-04
3.992243492846306763e-04
5.496371346344284745e-03
2.945821865087663340e-03
1.011398537617549378e-03
8.587010283699476193e-03
5.422579997654801426e-05
1.541054655541988566e-03
1.666279995624692014e-04
6.892698697607603248e-04
8.607969429485889945e-02
2.265054796286175912e-02
7.967073551102608724e-04
2.581065332066708774e-03
1.668566412976884572e-01
1.288572226850178597e-03
7.805482985265047580e-01
1.110536348372389792e+00
1.580215868041866256e-02
6.814077043318451932e-02
2.311630705986814863e-03
1.397924699406544169e-04
1.406405637120178341e-03
7.151359188284250532e-03
2.489994122936054280e-03
5.553782942723586857e-03
1.651963995173663961e-04
5.565734330077227619e-04
3.159746090673476275e-03
7.636389577806600680e-03
1.168120172345419108e-03
2.129382843691819292e-04
1.011996227356327049e-04
1.234525047477909830e-02
1.711602924152036149e-03
4.875941047365480417e-03
3.207158576772835973e-02
3.108923075834342173e-02
2.816624389216276780e-02
1.830759400331999267e-04
4.298165415651555160e-02
0.000000000000000000e+00
4.079946488280664779e-02
5.827462288258555834e-02
4.571472206905447672e-03
3.298123883960937027e-03
2.485130560525077633e-03
1.261036263106013206e-03
4.783894763015434162e-03
3.714361686929359757e-04
2.002062690596131112e-05
9.917716134449430787e-04
6.742388061174440280e-04
3.479511390467402876e+00
1.275712059717883706e+00
2.379250184568815485e-01
2.152412518372743389e+00
1.006870604566912020e+00
1.310454640429371542e-01
7.156816075023891832e-01
1.211770616966204375e-02
1.038792767625852931e-01
5.672086407965804683e-02
2.264569570409783600e-02
4.569323542924191156e-02
5.559206601593115193e-01
7.552269932985864465e-01
1.073088780521638114e-02
1.014468289369816256e+00
2.426490423025678186e-03
1.678448211436446721e-04
1.004198590805746930e-02
6.476953277363916260e-03
2.710012957807143019e-01
3.523911746680397430e-03
7.221235817641866541e-05
6.261740792435515658e-04
8.172466744524385478e-05
1.097064469913676139e-03
8.377414216042451960e-07
2.045288241089396219e-07
2.747999818097980628e-05
3.896219570059397203e-05
3.991832086280651848e-05
8.356412515826137941e-08
2.050326471047864810e-05
1.028219531447203112e-08
9.538035814281000313e-06
8.238455062548721136e-05
6.317362641050743553e-05
1.648926678404723830e-04
1.580434361414647111e-05
1.929341552155236848e-06
5.871495914761630243e-07
1.048034606956983759e-05
5.842284765320896172e-04
8.380592729095893165e-05
1.529057725772840488e-04
7.673704035213249045e-07
3.844777374991795768e-05
2.663045835743409542e-04
5.310092283691380914e-05
2.176561219507609988e-06
1.184751396929671715e-05
2.405759386612064062e-05
5.713031014164132364e-06
2.246634070140861989e-04
7.960508031690156396e-04
8.477516909702259909e-05
1.151623044421062561e-05
2.621146654943040753e-03
1.797865901297368543e-06
1.251175371312670485e-03
8.103817537043676541e-05
5.295422130997616708e-08
9.551259082990979363e-05
5.657458145893957046e-04
3.785174651784058313e-07
1.255464184700453323e-05
9.256728342447440423e-06
7.842566091818498964e-06
3.223558165557859588e-04
1.379396520501673004e-05
1.550699924120867973e-06
2.828403744417276062e-08
1.460393268300787229e-04
2.951471195412685720e-06
1.653861285259859984e-06
1.755382166555770904e-04
1.317673586614689007e-03
5.018131493766755675e-04
5.751560728338345584e-06
9.371215473573929868e-04
2.230087389431934897e-04
7.643964591647298156e-05
1.281227361708886692e-06
3.765276104559459063e-05
3.610540497514836376e-03
1.837213257396777197e-02
2.559277428331510132e-06
2.306865959489498566e-05
1.278256000932825217e-07
1.023959022215904720e-04
1.436849563649516030e-04
2.080670299612416162e-04
7.068718254951933356e-05
3.653262272622610985e-05
1.100059417988215891e-04
2.736998393593219995e-05
1.692144019539060893e-05
1.312830678237065101e-05
3.050625964699165788e-06
2.258809990880340723e-06
1.455203002363035405e-04
5.862251876442158077e-06
9.785570741333742274e-08
1.282423883687018704e-07
1.582206600056459490e-06
1.975869912329157714e-07
1.673711840880035221e-05
2.861104356559728413e-06
4.278084256425246721e-08
9.341926088962153465e-07
6.099040102964792525e-04
2.827128394068992404e-05
4.324128698426565313e-06
5.472302983799916337e-06
5.408929179681159745e-04
2.140393100288194317e-05
8.423555429647422129e-06
1.705464733617896019e-06
6.579896881738676005e-04
5.247548371676128857e-05
5.845901723452793901e-04
1.590380418898349076e-04
2.381721867565280372e-05
6.049456715525667015e-06
1.435764345919390127e-06
3.030110201209027293e-05
2.014649981700051560e-09
8.084521640689840901e-10
6.337572641708187756e-05
1.368316359150121564e-01
9.038150924050955548e-03
1.001828033215722974e-02
9.870195208337040338e-02
8.397298834310375215e-03
1.252280724192854052e-03
5.417255977416012003e-02
1.074964933477017166e-02
4.567590855685533776e-04
5.971676749382296649e-04
1.154311042963424710e-01
4.568225734515044684e-03
1.802595224768579511e-05
1.699626189930872929e-05
1.510099374804062288e-04
1.197310458719527709e-04
2.542266650267396518e-04
7.386726486371149173e-05
8.184833763734382378e-06
3.194523076085228045e-05
2.034830207503441138e-04
8.982908422138988214e-05
8.686608517321507043e-05
8.024583310673661556e-04
1.174488395734341083e-04
2.118202983489524377e-04
1.335277580535591986e-04
1.789397098549866155e-04
1.108827734289570544e-02
3.283497394731037591e-04
1.990655169487748517e-03
6.632736221053333161e-04
3.468056030806785163e-06
2.375049295222300281e-04
1.968352011973497506e-05
2.456152338095756219e-05
1.889956491976366561e-06
1.036126612653497453e-05
2.485953784330463277e-05
1.106431034767056088e-05
5.616536774501451257e-06
6.082967398154387061e-05
