157
154
37
52
155
160
118
31
158
97
169
117
56
100
167
166
156
174
73
112
96
115
162
14
283
9
164
57
44
120
45
144
83
10
141
26
51
86
111
159
84
289
163
143
286
60
77
3
24
293
74
138
2
290
284
119
98
311
95
287
161
134
114
35
172
67
165
70
43
137
94
103
149
68
104
17
54
285
88
65
294
64
99
32
177
147
33
80
306
46
66
303
42
34
53
139
25
47
82
125
168
20
55
85
75
18
116
72
79
113
102
30
313
76
12
22
135
175
124
148
13
16
150
292
11
29
61
129
314
179
91
87
6
78
40
48
152
4
38
23
27
173
299
153
28
110
1
146
108
126
304
308
136
178
59
207
309
300
145
132
310
93
198
63
92
312
316
297
295
307
197
186
50
0
5
324
183
211
7
130
170
239
298
101
184
182
90
151
208
305
39
21
106
121
189
213
296
15
282
301
140
8
320
171
191
209
181
128
107
315
291
131
206
317
205
322
62
188
123
89
214
196
19
49
105
302
41
81
176
58
321
323
127
318
133
288
230
109
71
210
212
192
193
276
238
274
203
190
256
247
257
264
269
268
180
260
279
250
234
273
249
277
242
122
258
69
271
231
252
259
199
217
200
222
223
229
248
275
201
236
267
246
263
232
220
194
261
241
244
185
237
253
204
278
215
262
202
195
319
251
225
221
266
255
227
218
254
245
265
224
235
216
281
187
240
272
228
233
219
270
226
243
280
36
142
