9.907850639686475124e-05
3.832779494777468696e-04
1.282953709530242070e-01
1.649077025216090786e-01
6.580987985365033873e-04
9.044988728658719470e-05
9.436918552676094212e-04
7.699499521955814672e-05
2.162786638313277218e-05
1.029216968496450724e+00
6.588535264244926859e-01
1.489016976664102364e-03
2.277079365663332942e-03
1.759090670237817115e-03
1.261581012934358981e+00
2.419504981445456116e-05
1.701771027418470632e-03
3.249036272553329496e-02
3.646127965335015791e-03
7.499734930940601110e-06
4.901152904274737321e-03
3.430135310667413136e-05
2.141459486181907738e-03
5.704035279415077108e-04
1.595974368994164672e-01
6.422688191333603656e-03
5.494162539365057274e-01
5.629035332982476993e-04
4.188442219723053674e-04
1.466882802137487373e-03
2.981517242417518719e-03
1.171410789514509609e+01
1.275062012396711505e-02
1.230655069697100465e-02
7.387225581369877454e-03
6.179560574672036954e-02
0.000000000000000000e+00
3.281553876844849782e+01
5.903102854270732844e-04
3.589444857789944067e-05
7.638200770649789797e-04
6.423482180762165901e-06
9.007264022096991840e-03
4.602426196975253903e-02
9.183842952805482129e-01
8.671190754624577002e-01
9.742719259013260871e-03
5.748409089458200727e-03
6.864951666808094197e-04
7.361867228777488896e-06
1.033939189684985108e-04
5.379968218624751053e-01
2.889012028558229517e+01
6.893861457256116043e-03
2.856551820659459021e-02
4.594620303231792754e-03
7.988628201018473263e+00
1.010974677521510490e+00
5.840855319672715763e-06
2.604285740369290960e-04
1.787848620602957295e-01
1.292170006682307306e-03
9.416079477728586748e-06
1.983444743139176070e-04
1.552962886972112516e-02
2.182083639751517326e-02
9.642889842759287677e-03
6.040407553222269799e-02
3.433038048851203700e-02
9.448885104350358909e-07
5.469180537042471479e-02
3.108357022277336288e-06
3.466269546434626401e-03
1.519817673054561835e+00
1.491325527067030032e-01
3.723499618118034094e-03
2.628812336698792013e-03
1.693418636112503928e-01
8.311630480445980282e-04
3.439107916904100663e-03
1.125204824356377392e-02
5.971409514728917284e-06
5.486238571390919874e-03
7.607859516106352249e-01
3.954495968489162849e-01
4.541708638588518206e-03
4.921907400288120793e-01
1.009327690603133891e-03
2.522525191331537187e-02
8.373531239106465993e-06
4.250950749393460782e-05
1.093360789546750280e-03
1.975535820812526614e-04
2.075629225588552943e-04
4.211980368394866586e-02
8.530440369080725949e-02
1.407282484004642065e+00
9.917783379684104617e+00
9.344871568290193109e-02
1.500822293994965792e-02
6.422707125926322647e+00
4.552865791543450239e-05
3.230241709663096965e-03
4.004958215896637502e-02
3.371443688358580909e-02
7.102292361774905009e-06
3.120443800465539427e-05
1.457941130938081496e-05
3.675897779142177227e-04
3.194858776771761433e-06
4.108759407346122784e-04
4.458526503155310627e-01
1.490760331664478189e+00
3.247868484878319029e-03
6.982771829395940932e-02
1.310201349562272188e+00
3.554426683412714727e-03
8.148876162464217643e+00
1.192189749269636323e+01
1.051898099121304914e-01
9.105367966733296514e-01
2.854849973427745963e-05
9.634178799632946937e-07
8.428037797641870792e-06
1.826208884791891401e-03
5.278187134580858766e-03
3.666948232984291968e-04
4.959775131988268948e-06
1.494689695724128143e-05
1.265713872968117623e-03
7.307074045365360873e-05
1.258647742718554857e-05
2.124358046984642704e-04
4.350128412343441592e-06
7.588804403684622224e-02
2.098201838855966953e-03
2.687270801464422348e-04
4.253073413379004214e-02
1.393647230410382243e-01
6.502123136567571765e-03
2.190208315532754838e-05
6.359518457019468496e-01
0.000000000000000000e+00
2.954232060259991965e-01
8.117275945413369165e-01
2.175239409713589480e-04
3.769049105722399053e-04
1.264170892358016871e-02
1.793298727985653991e-03
3.854096585698039978e-02
1.533224800022383108e-03
3.812655034973662257e-05
6.748107853230949369e-04
4.639615141812578861e-04
4.455564650413261774e+01
2.695581654235206059e+01
2.095081756992812849e+00
4.572503313599229102e+01
1.125756856890790480e+01
4.333402316272696453e-01
1.734318020527711823e+01
7.604692090021829276e-02
1.303874994724036673e+00
3.289998950907920827e-01
1.026256670472774024e+00
5.938995220642387385e-02
2.592733250840063786e+00
3.151317601290046788e+00
4.950708407487216557e-03
9.486568356436240634e+00
6.111418715250227453e-05
1.890726188657255132e-05
6.162690656950035178e-02
4.941390715621669927e-04
1.918200779257674515e+00
1.886808254504493453e-03
5.863479235250222019e-06
1.271318009555768083e-02
2.655462101360798913e-04
1.110059912995149580e-03
1.291494442961510932e-06
1.616870942580819360e-05
4.258675359625669509e-05
8.719462746807083440e-05
4.295145558581841557e-05
6.701092877419317930e-07
1.062819276694606521e-04
2.601235945472390194e-07
8.457937962191247556e-06
2.824227856054833434e-05
1.566026586517287049e-06
1.802241444554212587e-05
1.894028646740369197e-06
1.714035889360362628e-06
7.039147315492923073e-07
5.193834560007503381e-07
7.753485629365266686e-06
1.084454300105346087e-04
2.014410010245809850e-04
9.052975524409390420e-07
8.867790306596204281e-07
7.868223328373634734e-07
5.309984494348250670e-07
1.601061964415465950e-06
6.388547897339469957e-07
1.154962086027609229e-05
1.188462672261505164e-05
2.540247912699263640e-04
3.793338978586637553e-05
1.645396966737642621e-05
2.234433291697121990e-06
8.430404262694117285e-05
2.217720576327551089e-06
2.793576013996366153e-05
8.335758873329092715e-06
5.904256663509599773e-07
3.004079544589737138e-07
8.979258026117237132e-07
3.387063314358860914e-07
1.688954760772091285e-07
7.451902225524819803e-07
3.937211410029800381e-07
8.837976190313090425e-07
8.602560536957782516e-07
3.220355475789444622e-07
3.967007029063804736e-07
1.570885845430559680e-07
3.389846791548078323e-07
2.155848920897900582e-07
8.463097763305105031e-07
3.396354851953476630e-06
9.417702376771877614e-07
7.553337066145842082e-07
1.766543915770852447e-07
1.134849111199183270e-06
3.109559318553633407e-07
7.708056758678533737e-07
6.544287739378347868e-07
1.608115674264256499e-06
6.010192279716337579e-05
2.499686291919027893e-07
6.848333097219429210e-07
9.801389949947452668e-07
1.537248626221000236e-07
6.832518156354724925e-07
3.332724399985314858e-07
7.672010673997482993e-07
1.485438365179472878e-06
8.415807131905059038e-07
9.996004605344169144e-07
1.146346709018619337e-06
4.059871537439263730e-07
9.090601765063957543e-07
6.502069954992321154e-07
3.363806636021458967e-07
3.414694380724632179e-07
1.534791299599817271e-06
1.398261428991282308e-06
9.596532967032638073e-07
9.061548849080738799e-07
1.248006338174906659e-06
6.989694703473654601e-07
5.473201252670372847e-07
7.631937061544282844e-07
1.311213587878580149e-06
3.299671291119735708e-07
3.704043813491028210e-07
7.700706817911937774e-07
1.299212409365796686e-06
1.302431502796510548e-06
1.643182702574849426e-07
9.439536219263834024e-07
2.491973414858404407e-07
1.009662522877362067e-06
1.606378774618388541e-06
7.997098314126439865e-07
1.680862233580968230e-06
9.828657663106476984e-07
6.179182431997446058e-07
1.238473011095351890e-06
6.475021919001083243e-08
2.714569946823294800e-07
2.400526437557724829e-05
1.151826623663944060e+00
1.126097741894502430e-01
2.600872674441975438e-02
2.515959588191783447e-01
8.057916587727052826e-02
3.497031437772001226e-06
3.650648526831060114e-01
1.239074504160460333e-01
1.276584906210048110e-05
1.506934526920426049e-03
1.514337522479855536e-01
1.745164800350529344e-02
1.192727925455938019e-04
2.562284563124873351e-05
1.362797742714658719e-04
5.621164264952502727e-05
4.772754372221487719e-04
2.176063703520739493e-04
2.344291702994647915e-05
7.046326886304558425e-06
9.256293655902024173e-03
3.372300196523281540e-04
3.593460199354594635e-05
1.014456185168880094e-02
1.189183681363477834e-04
2.856045187439428868e-04
2.341815364896991550e-04
2.086544386330843473e-04
8.776467891243093511e-02
1.817027606192446476e-04
2.865888895597784331e-03
1.172992190588304342e-03
1.322453731094156288e-05
1.731220090770184883e-04
1.167716367554073337e-05
4.463726418672225720e-06
4.392768933364676973e-07
2.044414993427157796e-05
5.246824608474725341e-06
9.705952810328441721e-06
5.007626901029756469e-06
8.867441758878185710e-05
