157
154
155
37
52
160
31
169
56
158
118
117
97
167
166
100
156
174
73
162
57
115
10
120
164
112
283
51
9
163
44
14
159
45
83
96
111
144
84
141
26
74
86
161
165
293
119
77
35
67
143
289
70
286
24
138
60
42
2
32
68
3
114
98
103
311
284
137
40
104
287
17
95
33
134
149
38
43
20
54
46
55
294
139
94
168
172
239
78
285
39
65
80
22
82
106
34
53
303
147
306
64
75
72
89
61
126
99
88
130
48
30
11
66
211
125
124
47
290
136
113
173
18
313
175
85
91
25
238
146
123
152
129
121
81
76
79
59
208
135
116
131
148
49
314
292
150
288
102
170
145
230
213
12
233
29
69
13
274
177
305
108
105
272
316
196
16
179
6
27
217
93
23
90
312
4
110
245
128
87
1
231
5
50
275
92
28
254
244
234
248
153
63
243
264
268
291
299
132
308
207
122
127
201
310
71
198
109
21
209
41
229
222
107
191
19
246
171
304
140
101
297
309
133
273
324
226
183
249
197
235
186
178
7
282
184
300
250
307
216
298
214
247
320
151
190
176
189
205
279
269
295
251
202
58
265
15
200
223
301
317
182
322
8
270
260
276
219
206
296
237
188
220
241
252
255
192
302
62
253
203
210
195
266
323
221
277
321
318
227
240
271
0
232
267
315
228
193
212
319
261
236
204
224
185
278
180
218
199
194
263
181
258
242
215
257
256
259
262
225
187
280
281
36
142
