8.478728027162027607e-07
1.868103227039104503e-04
3.939324662356504664e-02
3.589796368378894015e-02
2.107049124282208493e-04
1.784182003950682814e-04
2.903231373232886912e-04
3.322037420291852660e-05
6.548560108385051858e-06
3.133598444647462955e-01
6.542371755070783834e-01
3.025624068296184875e-03
5.325393971887976445e-04
4.438854077853364596e-04
2.973479063341629702e-01
1.069838027051011853e-05
3.094591232188484203e-04
2.075788718511271599e-02
1.913473287447945391e-03
6.506538248811189016e-05
1.339994156103445008e-02
7.363019680885646854e-05
6.001198200642341406e-03
2.395919716146264458e-04
6.415413422924207132e-02
1.479911741614702578e-03
1.411509860529453764e-01
2.866598081193386257e-04
1.639408276246354427e-04
4.886079800452448885e-04
3.130732005684997397e-03
7.337962429466080572e+00
3.859683957023055112e-02
1.836208397329024133e-02
5.522473255080087226e-03
9.317755439105987469e-02
0.000000000000000000e+00
1.400034495840945681e+01
1.457476662134883985e-02
6.530927326196862663e-03
2.139332297120977167e-02
6.999033104028730390e-05
4.098502792690316560e-02
1.382616607329388396e-02
2.998578804355207517e-01
2.744813580646092710e-01
1.212435197657484726e-02
2.353618719224411394e-03
3.182482255471046594e-03
8.044376442289393695e-04
1.733585793752501171e-04
3.303116904404970744e-01
1.218153985749319368e+01
5.292311125038417184e-03
1.239702324957293184e-02
1.134097945024891557e-02
5.250667939112577010e+00
7.841532427145385675e-01
1.136685041500300589e-05
1.004492614618800140e-03
5.077802013281813159e-02
3.853087972964336968e-03
2.757348348010398911e-06
1.308145653888544526e-04
4.419497037608627679e-03
6.145511550860059159e-03
2.892463323559374237e-03
9.196119182591717955e-02
3.835487296981400507e-02
4.835116064760384968e-04
6.492168984514147534e-02
8.160192032187860861e-05
3.898983709217909190e-03
1.208384509081193103e+00
1.236395365403890750e-01
4.125762181389283634e-03
1.083524813456829446e-03
9.330133446440613820e-02
7.243490154441823044e-03
1.057753258745990164e-03
6.018692053121961656e-03
1.234518123271515378e-03
5.900096289179621728e-03
2.698738483256809539e-01
1.633617511676691003e-01
1.557009350170803202e-03
1.229889358087516704e-01
1.921199024348080688e-04
3.547453601271251429e-03
3.898616117974113698e-03
2.166876334262910679e-04
1.517985802565688077e-03
1.682167217375020148e-04
2.586262100274596982e-04
9.977756896096723685e-03
2.009079063949209543e-02
2.631187209267556448e-01
3.027077415441297603e+00
3.311198291164209329e-02
3.778381443518007404e-03
1.914456457225291786e+00
5.632181724855584836e-05
6.492830820990652414e-04
3.204685403734636867e-02
2.133113044931864849e-02
3.748409389865314150e-04
5.545894630441767365e-03
6.674109031738494925e-05
3.931139830401824070e-04
7.481254313396670384e-05
2.095147668743642226e-04
2.088426985248766077e-01
4.691503796332348597e-01
2.116790846949561170e-03
3.578275500897385580e-02
6.852585808671488588e-01
9.401396543888328270e-04
4.062209567659502696e+00
4.348808043453373351e+00
1.019191433464172181e-01
6.489040089185597049e-01
1.295519554890283212e-03
9.622330301364443936e-05
1.339571039203133482e-03
2.384546858675071559e-03
2.728463853419621412e-03
3.824134219784914961e-03
9.000766477296937268e-05
2.022642660499565474e-04
1.326407975413000520e-03
3.544436173444988607e-03
9.292116998020976629e-04
1.112748861273873610e-04
4.829291596689428323e-05
1.678384789346603137e-02
9.713540844138063594e-04
2.131618166870141891e-03
2.188633029752587444e-02
6.095545182921598137e-02
1.067473610145674122e-02
5.653759270045728084e-05
1.621935757814569889e-01
0.000000000000000000e+00
8.058199387219872056e-02
1.936204086598804774e-01
6.153875084027319231e-04
1.395009154881085827e-03
5.185113364033292968e-03
8.483201273945657718e-04
1.467033690323879883e-02
7.290050501092283078e-04
2.060421141215662858e-05
1.338676695277407061e-03
1.341466455980641842e-04
1.984478971164139338e+01
1.563505575360686350e+01
1.489202487996463153e+00
2.328932608346279665e+01
4.772137665519001537e+00
2.864970060072687952e-01
1.001608221854623793e+01
1.186918539127819611e-01
1.006801532669240329e+00
3.030865329056587898e-01
6.410245350099610384e-01
1.060536038659406766e-01
2.529099473872667314e+00
2.944190504505695305e+00
9.849476240105955321e-03
6.368035719948989204e+00
6.390969060161932978e-04
6.282040575011475249e-05
9.722615939255118550e-03
1.986741174849526986e-03
1.360425319281325152e+00
1.563920867877104277e-03
1.928378715531630584e-05
4.111592266340097072e-04
3.501599427015674896e-05
3.026791224640684340e-04
1.933455481508597885e-07
3.256734944949366896e-08
7.224274858710810227e-06
4.118877367122734972e-05
3.068570566407272983e-05
2.233289185587446959e-07
3.555734779238253171e-05
1.346528760710807632e-09
3.845326726372016889e-06
1.748501819373746724e-05
2.029844764054422495e-05
6.647471464412759454e-05
2.822027538423377125e-06
5.033794794855762626e-07
1.025930563104293585e-07
1.906067173155201512e-06
3.178510908856821892e-04
3.717147920514345566e-05
8.096677385926898010e-05
1.275331644381499146e-07
1.069523132054946837e-05
8.932608205765315786e-05
1.144391137830956705e-05
2.065735361438694696e-06
2.627095713457434769e-07
1.714847300742045215e-05
4.858830951696663537e-06
1.040625838962516014e-04
9.992303832951621428e-04
7.247457679077972737e-05
1.930021088633376929e-06
2.747935362178595235e-03
4.860618441994747420e-07
5.604580604113177733e-04
2.303610466169704824e-05
1.812646447310790878e-08
2.511087824946307861e-05
2.652686794544369770e-04
1.732843353124598954e-07
5.034772100739101964e-06
3.799094706702623397e-06
1.381855971370445528e-06
6.690008972990440117e-05
9.837514879481697175e-06
2.514854470386561868e-07
2.911044584314560470e-09
4.554701915088307134e-05
1.033140890950444233e-06
5.583948195456799826e-07
6.987390591699464552e-05
5.938316291338795010e-04
1.847210036066770998e-04
8.322399230995646251e-07
5.106616007693965060e-04
1.363708759084558708e-04
3.607997849692957129e-05
2.846614792271753756e-07
4.371284796614480354e-06
1.401356551112946163e-03
8.139226960944292294e-03
8.495927736334279934e-07
3.581462310351488820e-06
1.995443680675396757e-08
1.278351610253630993e-04
1.464877603066499904e-04
2.083953996439673328e-04
6.321847844186039283e-05
2.107931242986146132e-05
1.353090956411796971e-04
3.870894257684978575e-05
2.801103169701810796e-05
1.250840666209905477e-05
3.530085962714228336e-06
2.732695038299127679e-06
1.478765086694017032e-04
3.202200824604215751e-06
3.674373505493662837e-09
4.779838863274091083e-09
3.255213079169797325e-08
3.607081722299340550e-09
6.362050763093574110e-06
2.999362394685755956e-07
3.205035231709543661e-09
9.123387337407150513e-08
1.266478242687488730e-04
1.076445859826840862e-05
1.629765929040498780e-06
7.903209185337811518e-07
1.260419231050005282e-04
1.559853949754554030e-05
6.385651942455894373e-06
8.488847924702045400e-07
3.512806260759518623e-04
4.794488245932702740e-05
4.333168319509839573e-04
1.699271765282330861e-04
5.552844095671170256e-06
1.342267385257890621e-06
2.135033904171816876e-07
1.699478554662634040e-05
2.182378900782042634e-10
1.086435416556871186e-10
3.298380061220622980e-05
3.546382870909179919e-01
2.842994393506428213e-02
6.990225154216715871e-03
6.461852058397071774e-02
2.122418692425032463e-02
6.851029118696114369e-04
8.034279385035747456e-02
2.194824050083659609e-03
1.191427402110783909e-04
7.427473778594215767e-04
1.033022579399145158e-01
1.071676846332709002e-02
1.339213463444531246e-05
4.394620956909930676e-06
5.599103461104331986e-05
2.333770433303387594e-05
1.159608148267905888e-04
3.015339533793564734e-05
8.159859819122080785e-06
2.810783591222617335e-06
5.280936271589754122e-03
5.661753335665398472e-05
3.942954348400897358e-04
5.160649559598804587e-03
2.677856991183388144e-05
1.058436463193554938e-04
5.160728339222344095e-05
8.216906292452066149e-05
3.090489550134023836e-02
2.165672767445139444e-04
1.887191288285480209e-03
8.006400825134291728e-04
7.671156173100307201e-07
3.266899116178017160e-04
7.249455141799230235e-06
1.284116899691025057e-06
3.693376120959296215e-07
2.086037164510386546e-05
1.299474624918188447e-06
7.033134097576990340e-06
1.546159138038520007e-06
4.677464293297936711e-05
