157
154
155
37
52
118
31
97
160
100
169
56
117
158
115
112
10
14
96
167
166
45
44
174
120
26
86
164
35
83
162
156
73
144
283
51
141
111
286
84
9
3
289
94
143
33
284
114
290
60
98
77
159
163
24
311
2
293
119
32
134
172
95
74
88
138
43
287
104
285
103
34
149
161
17
177
57
70
67
294
306
65
54
99
137
303
68
80
64
25
147
47
42
53
46
66
82
55
113
79
85
165
125
20
18
102
116
139
30
313
146
29
87
12
16
76
22
145
4
72
11
13
175
178
305
135
6
304
292
91
75
150
314
299
179
28
23
309
148
198
300
61
152
27
78
308
181
110
295
207
0
1
307
124
168
92
312
129
197
93
297
184
183
38
205
40
298
108
59
71
126
50
7
62
324
186
48
153
301
136
132
49
296
315
310
182
323
282
101
151
170
318
8
189
211
191
316
63
5
106
15
188
214
173
321
322
196
107
21
317
171
209
206
193
130
239
140
128
90
208
213
320
203
194
279
58
212
302
180
291
187
204
176
109
131
210
105
215
41
81
39
192
121
185
19
89
202
200
69
288
274
190
233
133
127
220
263
230
216
227
236
260
217
219
229
242
222
228
267
237
275
247
218
123
245
241
319
234
257
238
261
231
201
199
258
264
249
226
232
281
223
225
240
248
273
246
265
266
272
221
122
256
259
268
269
235
270
262
251
278
271
250
276
195
255
280
253
224
277
254
244
252
243
36
142
