3.462862195062073843e-04
3.432183790669685215e-04
1.415136129652313224e-01
3.903856646181136369e-01
1.743387020715523369e-03
1.960560569777012381e-05
1.162272181694805687e-03
7.802634407939160774e-05
2.583524442371250071e-05
4.171032679002154575e-01
2.020846502995074623e+00
1.621136200776721005e-03
2.450499960269410509e-03
1.535648273634249291e-03
1.900848227788944245e+00
1.812464880156832223e-05
2.278892163004044100e-03
2.925991678981155683e-02
3.913993268857287287e-03
9.376390456085057169e-07
4.049683848996686424e-03
1.307290486290197815e-05
2.027071454239678504e-03
6.112689442396043553e-04
1.482440219195825248e-01
1.038250278841360008e-02
1.129304940361901322e+00
4.783622049892336209e-04
6.153821105978826700e-04
2.752047326933810840e-03
3.215193131291040844e-03
1.611427537189197068e+01
9.943612546595412272e-02
1.920532935947098785e-01
3.280771459205177737e-02
9.653592402161187414e-01
0.000000000000000000e+00
2.615233251096115552e+01
1.675692550637531667e-04
1.454864591438481240e-06
1.334032470688225778e-04
1.512297697477723743e-06
7.805915426406013005e-03
6.374177030085538542e-02
1.222721243764051335e+00
1.245977136670485486e+00
6.472159297482583604e-03
8.158820630276737706e-03
6.027909497970302034e-05
5.042174840080593809e-05
8.047371423170094989e-05
6.256229655119903699e-01
2.251300526039485561e+01
7.791289229505346872e-03
1.584103831213857713e-02
5.341970520926477006e-03
6.873501269417114479e+00
2.035560623727128773e-02
3.285383093101955554e-06
1.012190555071359641e-04
1.641614574193861198e-01
5.214094799051908037e-04
6.563327233104371565e-05
2.004714931014175798e-05
1.113120491238552348e-02
1.608440615020086117e-02
6.400112772197459089e-03
1.811092038463216203e-02
1.340597239801760016e-02
4.329274610876826810e-07
1.931025179107572626e-02
8.834289793006923634e-05
1.709726355619083831e-03
7.576575201891195821e-01
8.732146886776749606e-02
1.008258704490419284e-03
2.122707662164405058e-03
1.586732315279842098e-01
4.238920039604514734e-04
4.481486822917063288e-03
1.175696434057920889e-02
1.498764803202512939e-06
5.345165312831929444e-03
9.151598035275926302e-01
4.697250592546868830e-01
4.429005604520478562e-03
1.067301471792144962e+00
2.602960447162798625e-03
6.837480714111830726e-02
6.231380711009911532e-07
7.244875600376582677e-06
1.042623951180101380e-03
2.754867299770319715e-04
1.945289306972160909e-04
2.384796812347097228e-01
9.323577670891984581e-02
1.831601448119204223e+00
1.430936712213795658e+01
1.602557566650520127e-01
1.410990407148102373e-02
9.587400117213208617e+00
3.096011549054417919e-05
3.851982457481723833e-03
3.466910651628389572e-02
3.925171145552772828e-02
1.721688604305519833e-06
1.830355335308433574e-05
1.349369950463064734e-05
1.064947671128789973e-04
2.108269528822102015e-06
3.780202685896748771e-04
5.232832032397239930e-01
3.107728560816522378e+00
4.501612232752531979e-03
1.758783416904506347e-01
3.203208853879150109e+00
3.580274271598786039e-03
5.776888937286654091e+00
1.970760640416549236e+01
1.358348708733491395e-01
1.178396850534463747e+00
1.013031544370314918e-06
4.470608474465755788e-08
1.529496713904068829e-07
3.116099572115587323e-04
4.055028052804578870e-03
8.138444462150445512e-05
3.234049380695909199e-07
7.394255334632749335e-06
2.445462036356841609e-04
9.075732825091123961e-06
2.060629145837656681e-06
5.164359635422546217e-05
3.479115194212444146e-07
9.884576162583973147e-02
1.204171890020357301e-03
5.350559946685862987e-05
1.388878736549701773e-02
6.704530636858364867e-02
3.454647603337708713e-03
7.569011648829488970e-06
5.873410974174382293e-01
0.000000000000000000e+00
2.242945964531906922e-01
7.479537299908028958e-01
1.929419266408825481e-03
2.927168062624867489e-03
9.071031010213470927e-03
5.750588228217613914e-04
3.226187487230242762e-02
9.966967748790773931e-04
2.970450362077957943e-05
4.808081362844147922e-04
5.870711645720844526e-05
3.988131355292108537e+01
2.646961424192609869e+01
8.084942153608922766e-01
4.543494247760202853e+01
5.497940534365152843e+00
1.572766397633001134e-01
1.204742720004451328e+01
3.123020460743167540e-02
8.440131473419414387e-01
1.527400525932075814e-01
1.007892362965816302e+00
4.108874097898828140e-03
1.543346120280600031e+00
1.744205785871677516e+00
2.985358858769048191e-04
7.857950782896183206e+00
2.734183105923373346e-05
1.131972142230580961e-05
9.363297401028337907e-02
1.516025511664030075e-05
1.194671670214167758e+00
1.358780358365166939e-03
2.114933461484632026e-06
2.459517663022681502e-02
1.286790897457405596e-03
6.250923354562170015e-04
2.812295988497077482e-06
3.785633784563737707e-04
3.625794575035639494e-05
1.803439310089364935e-04
1.877969124418647968e-04
9.836275083331294162e-07
6.146634938507144932e-05
2.628004837239166685e-06
1.731630095679059111e-05
2.515959452213418430e-05
4.072887349198204501e-07
2.309097593598791160e-05
1.401788151624665170e-06
9.309233477098030458e-06
3.389756443108766020e-06
1.277739760254953630e-08
1.460930536211706398e-05
2.135405073499423774e-04
5.628044284472621256e-04
9.599877050398997468e-08
5.149968605130985565e-07
9.748013192988295584e-08
5.763618353684985537e-07
4.395133685916522441e-06
2.612854412031172312e-06
1.664177619667921550e-04
9.379868107548094061e-06
3.552566349518348457e-04
7.177285451145040560e-06
1.116250058698592144e-05
1.981642624074869922e-06
2.367552715050389161e-05
3.188723939520352857e-06
5.511373327130304785e-06
1.682692513276796062e-05
1.616738264293760779e-06
2.774480663066204859e-07
2.169500036793451512e-07
1.547492494861323071e-07
2.159325540196278995e-07
2.919911450738250959e-07
4.560170650276062039e-08
2.073637214571839391e-07
8.726084819028676638e-08
1.238203167666790156e-08
8.589218418803415904e-08
8.847621502293515412e-08
2.509753477334569965e-07
1.912896616025809878e-07
2.133717089797555317e-07
2.809189789656982947e-07
1.013520492722855294e-07
8.832220097608238650e-08
3.718755879989809683e-07
1.219242912354227199e-07
3.515708566997862873e-08
2.387900964547174752e-07
1.815743054447540280e-07
1.146367579275162723e-07
8.700368795298774933e-06
7.988401587240557169e-08
1.345448493908520240e-07
2.097360980182718020e-07
5.675411340640378747e-10
5.003723811070499077e-09
1.352509099296370945e-07
7.028256914319352007e-08
1.598810475830936552e-07
7.728844566166867715e-08
9.086095262102813910e-08
1.570220617243595323e-08
2.911579990382579788e-08
1.330461858865798883e-09
1.238478485292280279e-08
9.957014252824684314e-09
1.268981468749684274e-08
4.116079858146921448e-08
1.186779202173374311e-07
9.535804573700813569e-08
4.048807330650720838e-08
2.176412532859059404e-07
1.090567046683203179e-07
3.106258075405587117e-08
2.830198740217383813e-07
9.347200290533337678e-08
5.204530662710152288e-08
4.769381469150313022e-08
1.859188702309486851e-07
3.639601011535852916e-08
3.603907503531081509e-08
3.136886783005407436e-08
1.730783975373461416e-08
4.584788588487056519e-08
7.177596921933182343e-08
4.160823356582809763e-07
1.620276166357991927e-07
1.320947012067339285e-08
1.175970473905478263e-08
2.415000207701331934e-08
3.353406098954611045e-06
1.246804024729974330e-08
8.776669591729124624e-08
3.324880751992342421e-05
6.723265414898837999e-01
1.766909874714693296e-01
3.575080143709327002e-02
5.075155346078840113e-01
6.023845211605523969e-02
4.214857429368174439e-07
3.741979962430499462e-01
1.648667972282784333e-01
2.685532025808013925e-06
1.045123666305622888e-03
1.398391057736318999e-01
1.789958091982202237e-02
3.690917169906615517e-04
4.955969300793814210e-05
1.923023021622474694e-04
1.126456571931220554e-04
7.394108881805656853e-04
5.241617402830814560e-04
5.366444223772126262e-05
3.169578052390260807e-06
1.371557400105094179e-02
1.155033009952377435e-03
1.250392985271266610e-03
1.647947439103271058e-02
3.152315095784493878e-04
4.144144641905924786e-04
5.980478732164854361e-04
3.725725092721939789e-05
1.449384502180076639e-01
2.461920050357167475e-04
3.144798464956196672e-03
7.931191838338306523e-04
4.755231175823602919e-05
2.104891215169239004e-05
1.136671043540421831e-05
2.662306829342429677e-05
1.240402818935695772e-07
4.746427209902601603e-06
1.499811535295428619e-05
1.492902132443786053e-05
3.526321953411908490e-05
6.279754494273965745e-05
