157
154
155
37
52
31
118
160
169
56
97
117
100
158
167
115
166
112
174
120
73
164
162
10
14
156
45
44
57
35
26
83
96
86
111
283
77
144
51
84
141
119
286
163
9
159
114
3
32
74
289
33
24
311
293
143
94
98
165
60
284
2
161
67
138
103
134
104
68
95
172
70
43
34
17
290
149
287
88
46
285
294
306
303
54
137
80
53
177
65
82
139
99
147
64
47
30
75
42
168
66
25
18
313
55
113
20
79
85
72
116
145
22
102
76
314
29
125
12
179
175
135
11
13
150
16
87
61
292
146
4
124
129
173
148
23
78
108
40
91
27
207
6
198
305
299
153
28
152
312
178
304
110
38
310
308
309
48
1
300
197
183
297
205
126
59
63
307
316
136
170
132
295
324
71
184
93
0
182
92
315
191
239
130
298
62
317
189
282
181
5
196
49
323
301
322
106
7
101
186
21
151
211
50
320
208
213
39
107
321
15
90
58
209
140
214
318
296
8
206
171
188
121
291
176
192
131
279
128
203
81
204
105
41
89
193
19
200
302
190
109
123
133
212
127
238
210
69
288
180
319
202
194
230
201
274
232
258
231
223
250
222
266
122
246
275
219
233
236
248
225
273
224
259
227
221
228
187
216
252
195
268
264
217
270
244
255
245
267
215
218
280
235
240
263
249
234
265
242
254
278
247
226
277
220
260
251
241
257
237
229
269
271
185
261
243
256
281
199
262
272
276
253
142
36
