5.834917182037264045e-05
2.024866789112608810e-04
9.230775921967290798e-02
1.657105907857024940e-01
7.243314894287034445e-04
3.042526264117707076e-05
3.726898843930188292e-04
2.534355632209764645e-05
7.539793083683944171e-06
2.583297275937909143e-01
1.360333626837616494e+00
9.442431270601639231e-04
1.198954511463055190e-03
9.320079564641276220e-04
9.710047463720790084e-01
1.370654014560305550e-05
8.492026361702542442e-04
3.772895315810077810e-02
4.111117391269275730e-03
2.454621362322792778e-06
3.361626337379771193e-03
2.264026798922763473e-05
1.639154543810764520e-03
4.170761120479505105e-04
1.321752596084780074e-01
4.489961397015097659e-03
7.214952611588829612e-01
3.775415082331018803e-04
3.229853499846106540e-04
1.405829283725068546e-03
6.104056380222083050e-03
1.958515695244561172e+01
1.524116311028649584e-01
1.452408811859885462e-01
4.126209392169375573e-02
7.361491358599649981e-01
0.000000000000000000e+00
2.352810550288431202e+01
2.799056696691689652e-04
1.564815134877781645e-05
3.801895287268653107e-04
2.826011569672670857e-06
5.596364638332619774e-03
4.178090449350257973e-02
8.102357412725749164e-01
8.524333120610686487e-01
2.044742105703434981e-02
6.167014198557523030e-03
2.168237305335087885e-04
2.918792722817142738e-05
2.061271113611165903e-05
3.337482343512513383e-01
2.147887780813326941e+01
1.078160393562235288e-02
1.234930529668889880e-02
3.917475334949392998e-03
1.001474590587129221e+01
7.529642063935884089e-01
1.264048829328842840e-05
1.200888913627975709e-04
9.314055688997348315e-02
8.115194113742078309e-04
3.941783485308105416e-05
1.118086201074808240e-04
6.654822949531642891e-03
1.063876257429935066e-02
4.597299033400004120e-03
7.819405318897684753e-02
4.415709034579797659e-02
1.168391365824388392e-06
4.263824360759314175e-02
7.117421943162439394e-05
2.078832307034142544e-03
1.446337340899528812e+00
1.502058523822376590e-01
5.876296390326008097e-03
1.601746093598541490e-03
3.481604890181544953e-01
4.082137222291468115e-04
3.160421791607968042e-03
1.099257720542070466e-02
3.393075019593312146e-06
1.033305738029663585e-02
7.208750535932383352e-01
3.258719887287755967e-01
2.516127560231180837e-03
5.225818500488423890e-01
8.231024318250490610e-04
2.351503705860660820e-02
2.778786408580130546e-06
1.288546089566303774e-05
3.789543528077620404e-04
5.626612804640498781e-05
6.372561208987825745e-05
1.125773910483424678e-01
4.402601842231625845e-02
7.156982544495457121e-01
9.697400478655934464e+00
1.029824280151439703e-01
7.686760076420382122e-03
6.070859318645220881e+00
2.489700306546426662e-05
1.630747563253467187e-03
5.515576065568503911e-02
4.623247147309823141e-02
2.951747179301891207e-06
2.595328917792141959e-05
1.505541571445735028e-05
3.824761311157642168e-04
2.116306631353688332e-06
2.860642297605601775e-04
4.787384419889850196e-01
2.400702927242168272e+00
3.726926267459551231e-03
1.750835512508484848e-01
3.323150780395343062e+00
1.909623305090688223e-03
6.243376580230001416e+00
1.594005698758494205e+01
2.853830673675449847e-01
1.542616382627361116e+00
5.986309267546265546e-06
2.742494559998751645e-07
1.647568012668058820e-06
6.602655328166136869e-04
1.371766806147299697e-03
1.314271605793907545e-04
1.362688784527959095e-06
3.566938477988997599e-06
4.578300329441593896e-04
4.375207146593931726e-05
4.708856150576681521e-06
7.959383519204821982e-05
1.633696527983598718e-06
4.705912852443346756e-02
1.104039742405666259e-03
9.547647920880794885e-05
1.134809387629075877e-02
5.624848729286478083e-02
9.092678168930178745e-03
1.112755939074474636e-05
2.866040508003048770e-01
0.000000000000000000e+00
1.137297758455981800e-01
3.367510857811574221e-01
1.714513110837215899e-03
7.407673365300687087e-04
7.416166502181534281e-03
4.385869597955085108e-04
2.757464403140536674e-02
8.843095552357039917e-04
2.138696089828866692e-05
3.111324825799279925e-04
3.442504319080845390e-04
3.344097245944086438e+01
2.834879491404028684e+01
9.155675148266564367e-01
4.433475689264055575e+01
4.711624590098550058e+00
2.016122568615904553e-01
1.408687401711989828e+01
9.092849489561451171e-02
1.387361211992398147e+00
2.724810964983779282e-01
1.441214010321755890e+00
9.734480524719966998e-02
3.216343138045205219e+00
3.548794145392096588e+00
4.989738812451677621e-03
1.155249489681794017e+01
8.420152439117962453e-05
6.559750600480818906e-06
4.330492489652922744e-02
4.481333161798781509e-04
1.803850187475133371e+00
1.168821816137206437e-03
5.242107283847343403e-06
1.072253834991920320e-02
2.966660631485183784e-04
1.176837841447694096e-03
8.157690174233079309e-07
3.203800625530243572e-05
5.686331939335505356e-05
1.712126793001134606e-04
6.728156156954488904e-05
6.082325500922114475e-08
2.483403165988850317e-05
1.835410074987268198e-07
6.285211276309486583e-06
3.818903778033969835e-05
2.130435540867957340e-06
4.622617696217156796e-05
4.867968683563903530e-06
2.642051331216506950e-06
6.629208649259107931e-07
1.582385318901061453e-07
2.925310652496776719e-05
1.886564806946677093e-04
3.567983923662421662e-04
4.971272307097995567e-08
2.260691071474352555e-06
4.143488016829237477e-07
6.726330246195625335e-07
3.504197850726840118e-06
3.176689245535591492e-06
1.323298123060402621e-04
6.580701178868028548e-06
3.771930109888563688e-04
1.937089918137138562e-05
1.157329855296381555e-05
1.316174866459653105e-06
2.138380358889213325e-05
1.385900247178052346e-06
1.831882829146619685e-05
9.744441049426078296e-06
1.278013364472715609e-07
1.743422294395039001e-07
1.538542297859552603e-07
1.237465014843421670e-07
2.709433200006019648e-07
8.947346152938119372e-08
1.880670739576911175e-07
2.871721711177109879e-07
2.903913981311316957e-07
2.384295355058779395e-07
2.501194427738052084e-07
9.236200535449647872e-08
2.047991746487759679e-07
1.839188705010000026e-07
6.856759630072773131e-08
4.951797217673763391e-07
3.071616303730163055e-07
3.425941653690865270e-07
2.673898350524072498e-07
1.117694842699945398e-07
1.181705270754611706e-07
2.648345924676924755e-07
7.307700003634565421e-08
1.330174197038653803e-06
4.526107395660236343e-05
1.134950266264920904e-07
8.330674347815208421e-08
1.072587511285770118e-07
5.475200956218355491e-08
1.489006670084839092e-07
1.440727748148546121e-07
2.720165953194740467e-07
1.029407562718619842e-07
2.589166227457287798e-07
1.119073619120310495e-07
2.885420106341954321e-07
8.409183962919013645e-08
1.610561378853774707e-07
3.248314019257332972e-08
1.061151270953078478e-07
1.465819694852801064e-07
5.217641234505219442e-08
8.217765683264676027e-08
3.160428382570557997e-07
2.329868513723188733e-07
8.623709690054537606e-08
5.734453768196335472e-08
4.683149982359849816e-08
1.122418602820749038e-07
1.570137379438565203e-07
1.094592304090289559e-07
2.766976137314506491e-07
1.359224024826253909e-07
1.575728522975709032e-07
6.604367817610291652e-08
1.526804511450476519e-07
6.534875540752497767e-08
4.152355029259495578e-08
2.453395912721382365e-07
3.706789606749741593e-07
2.718296509750561213e-07
3.828895788266706331e-08
8.968174422376504109e-08
1.037511048276157564e-07
4.478343380082558809e-06
1.210630895941619898e-07
5.188749079056023896e-08
3.718709583675896082e-05
4.338770578907498732e-01
9.312552028740302135e-02
1.858162054260797946e-02
2.731554119217782239e-01
2.756408490682877785e-02
1.020007321694144092e-06
1.474623028711221362e-01
3.081805149121839144e-02
5.246908239615088680e-06
7.554315620108864896e-04
1.197392586603081843e-01
1.777253643120152438e-02
7.283185440816667528e-05
8.909781374289558426e-06
1.693214330995797192e-04
4.173827746023083576e-05
3.468842173956577309e-04
1.955906605531838361e-04
2.845585508879430798e-05
2.145835626958865137e-06
1.504492342941565405e-02
2.919491714460476861e-04
3.548519383646958907e-04
1.545849434850405171e-02
9.847972200556028195e-05
2.309136669880787441e-04
2.208228019455267977e-04
2.672622482032805096e-04
1.297561014455928252e-01
3.039805025187076624e-04
3.996972221769683892e-03
1.467343645845121817e-03
5.168952621230482868e-05
9.575491038473853383e-05
3.930416371979266859e-05
9.006400103824483154e-06
7.620358364591084234e-07
2.005954234404634651e-05
1.477933550984893629e-05
2.817640988890955626e-05
2.900232829608443761e-05
7.222943868613223618e-05
