157
155
154
31
37
52
160
169
118
56
117
167
97
166
158
100
115
174
73
162
164
112
120
10
156
57
163
45
83
119
77
44
111
14
26
35
165
96
161
283
74
159
86
84
67
114
144
141
32
9
293
286
24
70
311
68
103
98
33
3
289
51
143
60
104
138
2
94
17
284
34
46
172
139
43
134
95
149
82
294
168
75
290
303
306
53
42
20
137
287
30
80
55
285
239
54
22
40
147
126
78
65
106
88
313
38
113
47
18
99
72
173
64
146
61
130
66
124
39
314
175
91
177
89
125
25
145
85
305
152
211
136
238
76
81
79
129
131
135
48
121
116
29
11
170
150
292
108
59
312
213
316
123
233
49
230
102
12
288
148
272
13
27
274
198
105
208
6
23
196
93
90
179
153
69
207
16
28
217
4
110
128
197
310
231
254
234
264
245
183
299
268
308
297
248
63
275
92
201
109
291
244
304
21
309
5
50
243
71
182
324
222
205
140
132
107
171
19
300
246
191
229
273
58
322
317
235
127
320
101
1
122
226
249
282
184
87
176
178
250
190
307
214
209
298
133
41
323
216
62
151
7
247
269
279
189
202
295
315
301
251
265
302
186
15
200
321
270
237
8
276
296
223
241
192
255
260
219
318
252
195
253
220
210
188
319
232
277
227
204
203
266
221
206
271
267
228
193
240
278
212
261
180
224
181
258
236
0
199
263
218
194
185
242
259
257
215
256
262
187
225
281
280
36
142
