1.245530111975875383e-07
2.572529358290892798e-05
3.111456320474243614e-02
3.860149143940909411e-02
1.536478692081198695e-04
4.902754179097540887e-05
2.172702870889443177e-04
1.122679745342340530e-05
4.222236268435628042e-06
8.487794066782378133e-02
7.920694829927885650e-01
5.020061988088115809e-04
3.137328200669808453e-04
2.600791965679955789e-04
2.469700170875283873e-01
5.713719926275697044e-06
1.625489041856079673e-04
2.699532158490715317e-02
2.332150028910351391e-03
3.459361252782993610e-05
8.622800631750667313e-03
5.495566063805909436e-05
4.959683302188136814e-03
1.964259322055305051e-04
6.823752209484749975e-02
1.117062621742276633e-03
2.460142944677852495e-01
2.415547854429635698e-04
1.608067711159611151e-04
5.711121320342721092e-04
6.983073375276635519e-03
1.352180970529795800e+01
8.806848464773114893e-02
4.129578621722030524e-02
2.171060758089955398e-02
2.117245650904359122e-01
0.000000000000000000e+00
1.163340793894712633e+01
3.051011825333783262e-03
1.395645001408344623e-03
4.554372514578582110e-03
1.435382812157075065e-05
8.984518843756107015e-03
1.454331177742301806e-02
2.829577369896001393e-01
3.059461130674251406e-01
2.060810078065474643e-02
2.476531649498182799e-03
6.155107920187251206e-04
3.726389930266223085e-04
4.867744720391523798e-05
3.732481272578033055e-02
1.069340937578365569e+01
9.176889402910882315e-03
5.330371603663147662e-03
6.887717559271346913e-03
7.009644753581721233e+00
6.615501960847686158e-01
2.943024491647576969e-05
4.654718660441032013e-04
3.290558922924229079e-02
1.679876777111240010e-03
1.264665909016104808e-05
8.264252340275417470e-05
2.060800851504300014e-03
3.471844942069656631e-03
1.597257887558638277e-03
1.280297204688858048e-01
5.452776679039349206e-02
1.675508106413353964e-04
6.360005363699133829e-02
4.855178011015794619e-05
2.088674278014197166e-03
1.418712660811558335e+00
1.523051397474480817e-01
1.039245186949173776e-02
7.349311260218806220e-04
2.863823090434716723e-01
3.541941442098802285e-03
7.221799744797155474e-04
6.941598300413665511e-03
7.329224940757127433e-04
1.225467112635000334e-02
2.942424524387443618e-01
1.321265356494592813e-01
1.058733475314756591e-03
1.440525739430082164e-01
2.019726253066253643e-05
3.351611399220028563e-03
1.177581380560185171e-03
1.828642833498071621e-04
1.237660016805109406e-03
7.244758048773981883e-05
1.839314194502582973e-04
3.070443530528367201e-02
1.315573056266606915e-02
1.739524997018833952e-01
3.601909432452647941e+00
4.166768127922644560e-02
2.153437200141360749e-03
1.962946454044075084e+00
2.661304917860889924e-05
3.527176660146330426e-04
4.865760354662874987e-02
3.163689383535722710e-02
2.236297330237359585e-04
3.382884077487921526e-03
3.834496296256219923e-05
4.723209986324731330e-04
7.011784705250807045e-05
1.443938386876776408e-04
2.671232124108767758e-01
1.024267173557565469e+00
2.887683343267985481e-03
9.532658055633529137e-02
1.858208753498789889e+00
5.780939388998056769e-04
5.362629564553164307e+00
7.939132702676692688e+00
2.933698617491640181e-01
9.422430037873463782e-01
5.960718023019466591e-04
2.571538051965392008e-05
3.955498119588119030e-04
1.413633969353087893e-03
1.166375794167558416e-03
3.598458225704952683e-03
2.730010038973385513e-05
1.225099586498958233e-04
7.098537071658710899e-04
1.630724318615227797e-03
6.806956380635768421e-04
3.915119633183032860e-05
1.457716999663658927e-05
1.398634860051796089e-02
6.403094264559258415e-04
9.058505414675031408e-04
8.424669721020643445e-03
3.132040318414962971e-02
1.710972905763928978e-02
3.918375720239418409e-05
8.812939520999633902e-02
0.000000000000000000e+00
3.682492685368899538e-02
9.085682323473144584e-02
1.086382255515933168e-03
1.914038732263189171e-03
3.634475110237675617e-03
2.761810375726596279e-04
1.240878035410178555e-02
4.816436253979232505e-04
1.217724808445064736e-05
1.032265486623101932e-03
1.745008052210410081e-04
1.784813615415322019e+01
1.901345003380349041e+01
6.750870855651491809e-01
2.630110909216271153e+01
2.534393799604205189e+00
1.513469223025057375e-01
8.891341956821424475e+00
1.583971095209614210e-01
1.251560322692138350e+00
3.113213341175917193e-01
1.211868237094636536e+00
1.753997625181410169e-01
3.457307580182304108e+00
3.797495350347507514e+00
1.153139175379730777e-02
8.388187427169544463e+00
4.992014278478772507e-04
3.543390687566430353e-05
1.873416619655252774e-02
2.064547503124897123e-03
1.600332365019315306e+00
1.275304728979472163e-03
1.918924690182879103e-05
1.207706423156059035e-03
1.864842124547997707e-05
1.746683424606297076e-04
1.970529766545346548e-07
1.539100074526445920e-07
4.609669838061769364e-05
9.678829919007457983e-05
2.181248435308263934e-05
4.001759091296365896e-08
5.767928156082073616e-06
3.624202760399421785e-09
1.176074705761260793e-06
9.565323391001695301e-06
1.706498003516841025e-05
3.026830550165864425e-05
3.291442168277725183e-06
3.018816707910047588e-07
7.159483703808118966e-08
1.627148448609848730e-06
1.891394402923537706e-04
1.202457880958696085e-04
2.282404211314595355e-04
9.487980355335872320e-08
5.550230985725038904e-06
7.134070052971796551e-05
9.383345200921334753e-06
9.266493486725497916e-07
9.684021257023409744e-07
3.968712847416204211e-05
7.020672998760471960e-07
1.626741305750859488e-04
2.195182690290439775e-04
1.678519183319742829e-05
1.219673196302326297e-06
1.009058136941673456e-03
2.753409756012202990e-07
4.070383016690607455e-04
1.695836304708316214e-05
1.078043345489161820e-08
1.280044338896829814e-05
1.597502348963277647e-04
8.201465831056363786e-08
2.521368353409865677e-06
1.622277087582526064e-06
7.183973894191524860e-07
4.098521916310990290e-05
3.834321052770665724e-06
1.628274530662695631e-07
2.582008691365444424e-09
2.522030385079991415e-05
9.948229177364593643e-07
5.801183394214018485e-07
2.974625675426698283e-05
3.626272808717725862e-04
1.135130078329307514e-04
1.067447613072588569e-06
3.858104549214011621e-04
1.023557208615072237e-04
2.745619236930345249e-05
1.314041971331622381e-07
4.896194693254514701e-06
7.481110857392648432e-04
5.428912324542864952e-03
2.883979480627279077e-07
3.574929856525947484e-06
1.892925611988734847e-08
4.858732557061473927e-05
5.951439108040402245e-05
1.012857577340234115e-04
3.172212684581334537e-05
1.106451758788433888e-05
8.586337340235065312e-05
2.380818432917162282e-05
1.745441714625844951e-05
7.721100052320718275e-06
2.094315527885232971e-06
1.624250142530931516e-06
1.134868687983184884e-04
3.129510669128802703e-06
6.177469625843374383e-09
1.173696629858487627e-08
1.334509859265852164e-07
1.696158271211125520e-08
2.680896784487276255e-06
2.269580221553169245e-07
5.487242227351253914e-09
9.324084885679725070e-08
1.013116958480103223e-04
6.128616688994617896e-06
8.898910481284543196e-07
6.499421768494536754e-07
9.300372039500138729e-05
1.101018794619932904e-05
4.939065501525068915e-06
6.564542427267836113e-07
2.654384847506510801e-04
2.957661739621406796e-05
2.371982473584866274e-04
7.495274045729751053e-05
3.983632235047798498e-06
1.019739174585858563e-06
2.805114586407705349e-07
1.041626818259782114e-05
8.770252524898244545e-10
2.121139214613509264e-09
2.218952505998485057e-05
1.542775722826824625e-01
2.669364284377915772e-02
5.525157165926979780e-03
7.892019261360401494e-02
7.520200782858765982e-03
2.964337947598833108e-04
3.806740604143895451e-02
1.014175621658706603e-02
5.967476528090936039e-05
4.799879858998918063e-04
8.140103175171341243e-02
1.187525167483092711e-02
8.825368383814241342e-06
3.859615166942357640e-06
8.683497715869077053e-05
1.558535984322780021e-05
9.480503448757448290e-05
3.200453076574672270e-05
8.176783161037586676e-06
5.945679881760987806e-06
1.000422264170509543e-02
5.520058261747702230e-05
1.036442097644043291e-03
9.252644106472269342e-03
1.698839661792176387e-05
9.076235827941593745e-05
5.219907019579425188e-05
1.156859330699266762e-04
6.078541814375926222e-02
4.139440983907404534e-04
3.347464993265575339e-03
1.391922704046177125e-03
8.186032430488976200e-06
4.066377679562458531e-04
2.826686135118199310e-05
2.454259421548136221e-06
1.117321559770861861e-06
2.724646450255289326e-05
5.113541615339993219e-06
2.844633339384116828e-05
1.409608934117582858e-05
4.141192551675194894e-05
