157
154
118
155
37
31
52
97
160
100
169
115
56
117
35
158
112
120
51
10
14
86
96
44
45
167
166
162
26
83
164
156
84
33
174
286
57
111
144
94
3
141
283
32
114
73
289
9
119
98
311
88
293
143
284
163
2
172
290
159
60
77
24
74
134
95
43
104
34
103
287
138
161
17
285
149
306
294
177
303
165
67
55
70
46
47
68
75
99
65
80
54
53
25
146
64
147
137
113
87
85
18
66
30
139
82
4
79
20
42
102
116
313
29
305
12
125
11
22
16
76
304
175
72
13
178
145
292
150
309
6
198
135
181
168
91
28
23
205
27
299
308
152
300
179
312
61
110
207
307
78
295
197
148
183
314
184
297
71
62
124
92
315
0
108
129
323
298
93
49
1
301
310
59
38
153
126
317
316
7
318
324
136
40
101
50
132
191
282
321
182
296
196
151
48
63
15
106
189
322
173
204
130
193
8
211
203
186
21
107
170
5
214
171
210
239
188
279
140
302
209
194
90
58
128
180
206
176
192
109
131
81
213
319
208
291
288
227
215
187
105
212
320
257
69
185
258
260
268
89
200
195
281
121
277
270
202
230
199
267
250
262
39
223
265
229
234
254
19
233
127
220
275
218
232
226
247
238
41
228
237
133
273
190
123
240
256
219
263
216
221
249
259
242
222
248
231
201
246
241
274
266
122
245
269
264
261
225
224
236
253
276
272
235
252
243
251
217
244
271
255
280
278
36
142
