1.661733644967550811e-04
1.172194695551516007e-04
1.237596065202823531e-01
4.611441110048587477e-01
4.185754193098121557e-03
1.262872604688728113e-05
8.741641982889084873e-04
5.169454644267420097e-05
1.792613869637719559e-05
2.701646486084068322e-01
1.897693247349959034e+00
2.023926351567009556e-03
2.077206440947587749e-03
1.329562524066707193e-03
1.584121148742383411e+00
2.211069241401395627e-05
1.880826195406322572e-03
3.498695511987996026e-02
5.226717509865775116e-03
6.825216053791538097e-07
3.931289223793803071e-03
1.417338959756127872e-05
2.023151478819131856e-03
6.534276474818418411e-04
1.038505374437291157e-01
9.231914792524217178e-03
1.021134805348400842e+00
6.101212923408242186e-04
6.862641640498849107e-04
3.004658008685504901e-03
4.707691999749630263e-03
2.053173113259011018e+01
4.016048145823199467e-01
7.789320623670279442e-01
5.568091953707480363e-02
3.908755895171490469e+00
0.000000000000000000e+00
2.134726360105455001e+01
8.183570669075977601e-05
7.847725577301827040e-07
3.841821405706545247e-05
5.174557488891531533e-07
3.875895438590301525e-03
6.701215174336259961e-02
1.358464409259031003e+00
1.347085101962818943e+00
1.401750204345753384e-02
1.337231325156342139e-02
2.876978027446818438e-05
1.259187294489075369e-04
3.626860615343263574e-05
1.966562078040564376e+00
2.006529373558271345e+01
9.636092163420276191e-03
1.116164911338011004e-02
1.438450555755997270e-02
6.326551141165478676e+00
6.693885340446251719e-01
5.011104501671052000e-06
9.611487703320919455e-05
1.193567028109173978e-01
4.265239400893607903e-04
2.313426750222628261e-04
2.261472742232495511e-05
8.138815050589446459e-03
1.179358466205043983e-02
4.720038188042315411e-03
1.605183662003571363e-02
1.303431993971413370e-02
1.136344794095116184e-06
1.434576254496716316e-02
2.328428525001798824e-04
1.433601941877132553e-03
3.236372249351933128e-01
8.861781376884937667e-02
1.296942956150400582e-02
1.681184644695042424e-03
1.188415867977072327e-01
3.530324775820440383e-04
3.956993251026322787e-03
1.137169132226901157e-02
2.245636689238482699e-06
4.226120098025159914e-03
9.424680224022334851e-01
8.359029286640127232e-01
5.494678966867571485e-03
1.470556580890140186e+00
6.277210816886659092e-03
1.702386796478114195e-01
1.010681892022478430e-06
5.111242087890010732e-06
7.441006019654047496e-04
1.981007285763084326e-04
1.274110943452079600e-04
5.216644992187597918e-01
7.306270056148835013e-02
1.374828899606356014e+00
1.339525904514924015e+01
2.034485855348074634e-01
1.277533470692325535e-02
9.676228611124360057e+00
3.801255791098692136e-05
3.591127096655970068e-03
4.960689075975181772e-02
6.420678664638025668e-02
1.662561450217860366e-06
2.206196920704807808e-05
1.411563571569521507e-05
1.481457161306477008e-04
2.501632919538651110e-06
4.091696031582856040e-04
5.957650780092231813e-01
3.409360854411749742e+00
6.670261478103458111e-03
3.747608746361422716e-01
6.878996354030112670e+00
3.353168382490040629e-03
5.252342862881654639e+00
2.922727258838957809e+01
2.247679207431679538e-01
2.273666900478763075e+00
9.649514408975833481e-07
2.154996011644602339e-07
4.170286886599479610e-07
2.057103624279115828e-04
2.064239648548685507e-03
6.567507371355950482e-05
6.690089831819814784e-07
3.781700718705955797e-06
1.312691687227815615e-04
1.960062564433337042e-05
2.466248391010971709e-06
3.543340826952636542e-05
4.937017247173140211e-07
7.725694485326344008e-02
8.189849162592975238e-04
3.888610677256758730e-05
7.638671999918050792e-03
4.261895275424466834e-02
4.492020119907421012e-03
6.760680369595841688e-06
4.365138290625563688e-01
0.000000000000000000e+00
1.601901631513684143e-01
5.463929488353365116e-01
1.223664440750711277e-03
9.121475670193994467e-03
8.051055800482240926e-03
3.063092557767879850e-04
2.849391553151394210e-02
8.934533439144527961e-04
2.991426756091805761e-05
4.659000057023690187e-04
7.985404647340972693e-05
3.551669248482365049e+01
2.443095711135682890e+01
8.383970177094841603e-01
4.568920833369688239e+01
3.539586563866824687e+00
1.193607400165972304e-01
1.030559024612151653e+01
3.641861611465822129e-02
1.029103401910304472e+00
1.269636568732133153e-01
9.387740595596734128e-01
1.700417120704987919e-02
1.188172690142220045e+00
1.329891812205819868e+00
7.672527781666374155e-04
7.483464649129224711e+00
1.406617376590949370e-05
1.119694190414096901e-05
1.220467828717171771e-01
2.085547547625461729e-05
7.512097511518065485e-01
1.445523704863037068e-03
3.059772426815229872e-06
2.338595437305468483e-02
1.248648841785109488e-03
4.490040752230812083e-04
3.428302498931254091e-06
7.680151449616026563e-04
3.266450674272498872e-05
2.956312211495062893e-04
2.705300085886019434e-04
1.088707096274336144e-06
1.454662188726964116e-05
1.717664446269639040e-06
7.484677534995334571e-06
2.108535881030996752e-05
4.554355639543541978e-07
3.410758326755089980e-05
3.013138973974415930e-06
1.892343224167092412e-05
5.425810047949459900e-06
9.900922609278599407e-07
3.035495735156939576e-05
3.092983325613470644e-04
8.439955916842943866e-04
8.337365256892556906e-07
1.009817697691971691e-06
2.588003955005636144e-07
8.728026363342157621e-07
1.566279713894560448e-05
2.053026083127590455e-05
6.145286975889251374e-04
3.402883882323916664e-06
4.041416880388529480e-04
2.126293747682698977e-06
5.576411555559323992e-06
8.187818906670357499e-06
1.622683561328253093e-05
1.626090659056975757e-06
2.217054749687315977e-06
1.228088120004557292e-05
1.769874911531120501e-06
3.655966665562800678e-07
1.815776652755441146e-08
6.129486840186568372e-07
3.894895719361755494e-07
6.556042821284605827e-07
3.574268797564440436e-07
3.016250190547555106e-07
7.658548472196034017e-07
5.920264925546200163e-08
7.928191837718794220e-08
5.771191752329711651e-07
1.874747961973285369e-06
5.075524979901839180e-07
7.342463580416281993e-07
8.597314584449200214e-07
2.631948248406811982e-07
6.113245553174631876e-07
6.707062660476320071e-07
7.241472942202206389e-07
2.191748034815547367e-08
2.960879613973690644e-08
5.029550121776709411e-07
5.559854227236817700e-07
7.939555271066995465e-06
4.128337818619862311e-07
2.404309871887350573e-07
3.091497473940412831e-07
1.964957059219571573e-08
1.606637716592232022e-08
1.975053580788937826e-07
2.465409359353247364e-07
5.614841121512761765e-07
2.773476874336050654e-07
3.257969412708665649e-07
7.970841896540118102e-07
1.961990741832503165e-08
2.045216243912522169e-08
2.672303003896560017e-08
7.149567980473885514e-07
1.323090486730194970e-08
3.926940679328363663e-07
1.145687609734045892e-06
1.055001556014719094e-06
3.205747104805736755e-07
1.048384051335601706e-06
1.522517331498845877e-07
7.895211323483504739e-07
3.798563894244501075e-07
1.829961931948509215e-07
7.542630514752819744e-07
2.301036299827054548e-07
7.995819993114171314e-07
1.035725031122393030e-06
1.948338070292044230e-07
8.869603223154245869e-07
1.584300369616919540e-08
2.465674682111220593e-08
4.790078713887628761e-07
2.378642401463933813e-07
6.298235037703182445e-07
2.597595783795888842e-08
8.905599480863341228e-07
6.681091632751723176e-09
7.114792473351917794e-06
7.067615107082931413e-09
9.882272754054302726e-07
3.372851218156687925e-05
4.273644504050921333e-01
1.597890274284634593e-01
3.289874628657256384e-02
7.403572220245724367e-01
4.462065089266483570e-02
1.939804745413757595e-06
2.807834099603774836e-01
1.211982546915353481e-01
2.035991632490081616e-06
9.116767201571659334e-04
1.694708440068890265e-01
2.361082639095617164e-02
3.325280408995737245e-04
3.069226964272378863e-05
2.519897724959578697e-04
1.292875727351091599e-04
5.980444047203424670e-04
4.539733738568053076e-04
1.170867509942903113e-04
6.362560274602536430e-06
2.274515280095541075e-02
1.503809584687229887e-03
2.460121115915982551e-03
2.727826611198835155e-02
3.538352637721746646e-04
4.791956835816050262e-04
8.897950172732469343e-04
1.015828154690982577e-04
1.761050517636396084e-01
4.461402115203466829e-04
3.178050415866042529e-03
2.899737499305946845e-04
1.743265011377844928e-04
5.532135663153470243e-05
5.903634486462244318e-05
5.017412262212343782e-05
2.173268727914661083e-06
1.490137100608790363e-06
3.340542912815734161e-05
2.087678121513495850e-05
1.309053678955572066e-04
4.168136585491202199e-05
