157
154
155
31
118
52
37
160
169
97
56
117
115
100
35
158
167
112
166
120
162
164
174
51
10
73
45
32
44
33
14
83
26
86
156
96
111
84
119
77
286
114
283
144
94
163
141
34
311
3
74
159
293
9
98
57
289
24
165
161
284
143
2
67
60
103
104
172
68
43
17
88
138
134
95
46
70
55
306
149
303
290
294
287
285
53
139
80
54
47
65
30
82
99
137
147
177
64
18
313
146
113
25
168
66
20
75
79
85
42
72
116
22
102
87
76
29
145
175
314
4
11
12
125
135
13
150
179
61
205
16
292
124
27
23
78
310
108
304
91
28
153
309
6
110
299
207
198
152
173
129
308
183
305
148
71
297
300
315
178
312
197
170
126
62
323
307
59
317
136
40
49
184
130
38
63
48
295
1
132
324
93
298
301
191
322
182
196
321
282
106
181
101
21
239
189
316
204
151
0
58
92
7
320
318
5
203
15
140
107
90
302
211
296
50
176
213
279
121
131
8
214
210
208
192
288
291
209
186
81
39
193
200
109
188
206
69
133
89
123
171
190
127
19
105
238
202
180
41
212
194
128
274
227
258
201
240
275
228
230
260
221
319
223
195
122
185
187
265
272
263
231
232
257
216
199
256
219
264
226
233
215
259
217
222
237
241
224
266
249
269
229
268
245
273
267
236
242
254
262
281
247
220
261
280
246
235
252
234
251
250
248
225
277
243
271
276
270
218
253
244
278
255
142
36
