3.724355080106982267e-05
1.115152119175014019e-04
1.478513130813355059e-01
3.260974113082456549e-01
2.197574559313724123e-03
2.856059518358651926e-05
6.022771571676264818e-04
3.558832006705331765e-05
1.161046557587579417e-05
2.235007004420923593e-01
2.413991201151062249e+00
2.157885311822832757e-03
1.726775578907106768e-03
1.330791766770122878e-03
1.467605558493058959e+00
2.781263341014976408e-05
1.213845419165382813e-03
7.432050520971238139e-02
8.569773514984424176e-03
1.917566776334533375e-06
5.993867960877811291e-03
5.086930756080341461e-05
2.856480717787574387e-03
7.896380546370284671e-04
1.873615981652738127e-01
7.785122013928611959e-03
1.352188832889919423e+00
7.961321852914940217e-04
6.128039995884470431e-04
2.521893701029943608e-03
1.460629178826018670e-02
4.354454229113550667e+01
1.560264311052377284e+00
1.490684757582316777e+00
3.935102764074451809e-01
7.548058971057791666e+00
0.000000000000000000e+00
3.363683353056712377e+01
1.468073176689348234e-04
6.643160188526481994e-06
1.946601252710574261e-04
1.280878003306725692e-06
3.863330252502894351e-03
7.906494048291193288e-02
1.544910533279158393e+00
1.640616376473595928e+00
6.070191030172118057e-02
1.590962988176759796e-02
1.381631347136182022e-04
1.756732117680473763e-04
1.630241642156070038e-05
2.436303656226543879e+00
3.737473789240601718e+01
2.374138442473576471e-02
1.623979650250174586e-02
4.914857391031007827e-02
1.791626269418903306e+01
2.189017869672152394e-01
3.711119478521235766e-05
2.206705914840579534e-04
1.316872422459045844e-01
1.296528824819242771e-03
2.543951361514306580e-04
1.429219833886221161e-04
8.871960671621390362e-03
1.462169914036150903e-02
6.320289922276511006e-03
1.443438149504564505e-01
8.144806531268115879e-02
3.873015656241344310e-06
5.569091035223481395e-02
4.252114828811882604e-04
3.562492677340236419e-03
1.730158880369268015e+00
2.693472696756867291e-01
5.908723677150810524e-03
2.574344521062656675e-03
6.686932968854908399e-01
7.820497431798576534e-04
5.059187668536952072e-03
1.956203230267686277e-02
8.278415022044875677e-06
1.460577219717621757e-02
1.354358980949524005e+00
8.619541418507485897e-01
4.410897032221520152e-03
1.199984431854182798e+00
2.577728004520939663e-03
7.261194619177505083e-02
3.735521088383328900e-06
1.987456668178130657e-05
6.216850361147608891e-04
3.670617879242411396e-05
9.698543684358462865e-05
4.378338080942181243e-01
6.587380286279001518e-02
1.044072570360873309e+00
1.800671017515284689e+01
2.203060240652285617e-01
1.227751620702813989e-02
1.108550931724552235e+01
5.480614701285890767e-05
2.660144856707767364e-03
1.285284500959514020e-01
1.173888850206933204e-01
1.621432039532838271e-06
5.739142347566151289e-05
2.492164221726593669e-05
7.423877651368118247e-04
4.878220180025971811e-06
5.898090794550811360e-04
9.624420016468663297e-01
5.426201211100950772e+00
8.121457989876172678e-03
5.907143310405621461e-01
1.131018764526180043e+01
3.119335470735881254e-03
1.228190657113487738e+01
4.197630782187862764e+01
8.043094734339245599e-01
4.315985611042229664e+00
1.200623053154437815e-05
1.846361889463787220e-07
3.594336550905677553e-06
1.031580056568685974e-03
1.493474643427093350e-03
2.847881014550273336e-04
2.719744126541451583e-06
1.045308255439688825e-06
5.176521718359595884e-04
1.487639541634501808e-04
1.188471118118197371e-05
1.095025081205270142e-04
3.803299805680102345e-06
6.885123077246459167e-02
1.489260363197432262e-03
2.111615996110337778e-04
1.182969800005875989e-02
6.944236613665576152e-02
2.024550360435239602e-02
2.574968589591070643e-05
3.966250888128637908e-01
0.000000000000000000e+00
1.504388592098843680e-01
4.492328257935270241e-01
2.419983468361037570e-03
8.132811114687605106e-03
1.141770324545426062e-02
4.271085685251764172e-04
4.624951854538703749e-02
1.324396857992261260e-03
3.926218145068701337e-05
5.700475548647636857e-04
6.092212147939737995e-04
5.475398184720210537e+01
4.827507139715315532e+01
1.064615417595180746e+00
8.099119784909272823e+01
6.039223320834560482e+00
2.677455956001273396e-01
2.214472574580914355e+01
1.780765946390937271e-01
3.040253611616174467e+00
4.278565788542297299e-01
2.774877795491188071e+00
1.865718717078687916e-01
5.371023673763734685e+00
5.877369811800985389e+00
7.737315956746470928e-03
2.122851527885058687e+01
2.901956409165784177e-04
3.195751732989285562e-06
1.099585987253508951e-01
5.392224558448149201e-04
2.495687835796932763e+00
2.390399430120121460e-03
1.586637312608930476e-05
1.036927789701059914e-02
3.411696301805488022e-04
1.303731834282743614e-03
1.302673349556371503e-06
5.499840251606315515e-05
7.828004787601184635e-05
4.801980652910016489e-04
1.507692751801080629e-04
1.589013818232707418e-07
8.568905131596807879e-06
1.359962080341183109e-07
4.675150102485421226e-06
4.769695122642327755e-05
3.075765315758492929e-06
8.913951577381664271e-05
1.063067275481729677e-05
5.549902767543489782e-06
1.056866640940947409e-06
1.848716715219572270e-07
7.612575612568637585e-05
3.028855418136703974e-04
5.767489305395538061e-04
8.447430235393380515e-08
5.488085499608428890e-06
5.519009005923948796e-07
1.412906258661358768e-06
2.809411431549327517e-05
3.951172630682787409e-05
1.267095546792746481e-03
4.020613940766188153e-06
5.775848287632145408e-04
1.064775118205913146e-05
9.119777775666798600e-06
1.098891173026886174e-05
1.837575002786770689e-05
1.091169500852832300e-06
1.371275099604103529e-05
1.128800287260720616e-05
7.513227952437011277e-08
8.751119604319040009e-08
6.910357025951506264e-08
2.066455869054784357e-08
7.849388415834774454e-08
3.113729923474397354e-08
2.580295005852349432e-07
6.744466234159569293e-08
2.154101360866416617e-07
5.771285205409839408e-08
2.361697173645052257e-08
7.670395257839267053e-08
5.907112574363686970e-07
3.793518429842987958e-07
4.850043172502705534e-08
3.105389217355928229e-07
1.091862180171307309e-07
9.192824729825899866e-08
7.581572943969069188e-08
2.697252475477558427e-08
2.864292399251887205e-08
4.165744740084986595e-08
6.482461258422692837e-08
1.445782522904092379e-06
4.851281378985918859e-05
4.377491160109050546e-07
6.453983202440416429e-08
3.919716728103139753e-08
2.207901923956400722e-08
1.510007833205479361e-08
4.624089277378939513e-08
2.920818639870900507e-08
3.121645179883130116e-08
2.442705780538154725e-08
5.304715617866960469e-08
2.617502484032764800e-08
2.647261439913811855e-08
2.752625051600790351e-08
1.655161973465931876e-08
3.706314819637718384e-08
5.801750924012805469e-09
7.859965516424672440e-08
8.836964795438564474e-08
5.800923023992096863e-07
7.174371628294747742e-08
2.884232469894212572e-07
3.039825787804366833e-08
3.610232987097193495e-08
1.205878410772904328e-07
7.807772425262001686e-08
1.254528120605046071e-07
5.584491080924968528e-08
4.230071972281844660e-08
4.822395647614955391e-08
5.275160505060504173e-08
2.102417410382706800e-08
2.201315990009272000e-08
1.249803594794736440e-07
4.308211187472222324e-08
1.008132291992029173e-06
4.052631339922215942e-07
2.149701792961205803e-08
2.293027723763324359e-08
1.198489960319727529e-08
1.225818389000702234e-05
3.004367236426785128e-08
3.409632077352890955e-08
5.741674577227967921e-05
4.674431771778148059e-01
1.575665232154279671e-01
3.256539815146357320e-02
6.594160663549671897e-01
3.503091329705652901e-02
1.059616727303643899e-05
2.115289856167263671e-01
4.452762275369575445e-02
1.056645528468339081e-05
1.143138924791856515e-03
2.369275818469469275e-01
3.886922064578819669e-02
1.303235839927192603e-04
1.646313071310026742e-05
4.029780987559551989e-04
9.267467241586527140e-05
5.866961987774598191e-04
3.836346276342292500e-04
8.989644924500388981e-05
1.978125681817955879e-05
4.477463341565640631e-02
7.232927732185906629e-04
4.399342447353702681e-04
4.650721108828610034e-02
2.277757308980057677e-04
5.137783243585865387e-04
6.027272174061910903e-04
7.736858604650545448e-04
3.407628591451885569e-01
3.366113003796840776e-04
8.387220494730221118e-03
2.319669529296233042e-03
3.529030128537069826e-04
4.546590359827808268e-05
2.148178488197265428e-04
3.160648391020281779e-05
2.497695773209634352e-07
3.465152296438639277e-05
6.917880724859112732e-05
8.735962021582394511e-05
2.382283662285812034e-04
1.033884031177562509e-04
