157
155
154
31
118
52
37
169
160
56
117
97
167
166
115
158
100
35
164
112
162
174
120
73
32
10
51
119
77
33
45
83
111
26
57
163
44
14
165
34
86
161
84
114
74
96
67
311
159
286
156
283
293
141
144
94
103
24
68
70
98
104
3
9
289
46
2
17
143
284
60
138
139
303
306
43
55
294
149
134
95
53
88
168
172
82
30
75
80
20
290
285
137
287
22
313
54
239
47
147
113
65
18
126
72
99
106
78
173
42
305
314
64
85
175
66
25
177
61
124
40
145
91
152
130
76
170
146
79
125
29
129
38
116
135
108
312
11
150
81
131
198
292
211
136
205
238
102
153
316
207
39
89
233
213
12
27
59
197
13
4
310
23
272
230
110
148
121
28
183
297
16
71
6
308
123
49
299
48
93
87
317
288
274
196
323
179
90
309
105
264
21
304
182
268
109
217
234
322
63
315
254
128
231
201
58
171
62
69
300
208
92
140
184
320
248
291
324
132
176
245
307
19
222
107
275
235
321
302
101
190
298
282
50
151
273
301
244
226
5
214
295
204
243
191
249
246
178
202
127
250
229
203
237
269
122
15
296
279
318
247
241
216
7
189
1
133
192
209
255
200
251
270
41
210
265
8
276
319
232
195
227
219
260
228
223
186
252
253
277
278
267
220
258
271
188
266
221
180
193
240
0
194
261
181
263
212
206
224
259
262
199
281
236
225
185
280
242
256
218
257
215
187
36
142
