2.110904656571587982e-07
3.970947174172195642e-06
3.252911939257364937e-02
4.439743539450273502e-02
2.129342036524393045e-04
1.163890148937931519e-05
1.234310588565723575e-04
4.100200103538983361e-06
2.005151434452890404e-06
4.006433461111693489e-02
8.835255138142620313e-01
5.110374988142258115e-04
2.607577420121930871e-04
2.135857066340256488e-04
2.236606220966565473e-01
5.529002558184886208e-06
1.387170745902096126e-04
3.157273613365408488e-02
2.865654076422691557e-03
2.243744223057568147e-05
8.500700483226307849e-03
8.234090912937935055e-05
5.151151077790040549e-03
2.036837424419439373e-04
6.456646139265401207e-02
1.269059672728275979e-03
3.394482093556849267e-01
2.542215580460277405e-04
1.688229537132083190e-04
6.137369780908703745e-04
9.928334502949874921e-03
1.795385075781319273e+01
8.884398250594197632e-01
4.181542386783691501e-01
2.089002631379125730e-01
2.140019550003078752e+00
0.000000000000000000e+00
1.027994570913462802e+01
6.052035702751904726e-04
2.797305616800287208e-04
9.144304278983162110e-04
2.821732229264702390e-06
1.854746109395205350e-03
1.686800785063961861e-02
3.142816927064999710e-01
3.593908346819233435e-01
3.302276539639658476e-02
3.624995093166122166e-03
1.091688935562439532e-04
1.142574528557687271e-04
1.514561189414569013e-05
5.345159916684472101e-01
1.221582961825364144e+01
1.243998950882318696e-02
4.052819640827567266e-03
1.647904495493809213e-02
7.708045783080859970e+00
3.298643476166830957e-01
5.449674339388358211e-05
2.488807783061880419e-04
3.007219199206395341e-02
9.920567786018063498e-04
5.021289728426683895e-05
6.775548455561654208e-05
1.671701844449008378e-03
2.989570318917365160e-03
1.390559232439973281e-03
1.448954702598269362e-01
6.387336317791779405e-02
4.723731084468354540e-05
5.579881551162001185e-02
1.300879106047796261e-04
2.032406775957089004e-03
1.273480570939593548e+00
1.763896368416691673e-01
9.190409082831439702e-03
7.790687878842102957e-04
4.393534302461765129e-01
1.976703334559056034e-03
6.668785600868103527e-04
8.629805211325770192e-03
4.170481981720450672e-04
1.063866539251886491e-02
3.551575320470991004e-01
1.814610239335686104e-01
1.647917003844016079e-03
1.929316676695087274e-01
1.041188224511508661e-04
1.209448483204696168e-02
2.717547107354070790e-04
8.889584330032828557e-05
7.959778064724185899e-04
4.340260726873085458e-05
1.084370567618274622e-04
7.374268159488800434e-02
1.251831778231425954e-02
1.626017178610955627e-01
4.499175546535896686e+00
5.456417725007539632e-02
2.032353891987066005e-03
2.146138798592468255e+00
1.669164581573774056e-05
3.456403180105700572e-04
6.683209340772126861e-02
4.683140094338909820e-02
8.347692568912882334e-05
1.977176381776877233e-03
2.229301182197083301e-05
5.220652399054105837e-04
7.551693935667103423e-05
1.748304066597505834e-04
3.429701498007403093e-01
1.695575366248522675e+00
3.380553945712813733e-03
1.767780212328276257e-01
3.495038570676827216e+00
5.812526836476604930e-04
6.900133306052258497e+00
1.289866374113728931e+01
4.915928779230000489e-01
1.331544758358955471e+00
1.738145344950615457e-04
5.861835629453165067e-06
1.150029372027457970e-04
9.656722986958510323e-04
6.363058399359044527e-04
2.376946251774351808e-03
7.374917443200721571e-06
5.784007851131589252e-05
6.122783896886077257e-04
7.868576821604890848e-04
4.169412056052547097e-04
3.274412483054192332e-05
3.722605380327347506e-06
1.261076015005477106e-02
5.638039525985473347e-04
3.856597048132755614e-04
6.217335851722024555e-03
2.489609601387188578e-02
2.383759273206775484e-02
4.168886012578094068e-05
7.687529296521358746e-02
0.000000000000000000e+00
3.089361253390497317e-02
7.466254887641296523e-02
9.100897076513367193e-04
6.918756743999149262e-04
3.426090758346739262e-03
1.740457592229547191e-04
1.335864183607905764e-02
4.271157513342624303e-04
1.357223387513398410e-05
7.957681722882549262e-04
3.438421058648911456e-04
1.815970272956971243e+01
2.012799692492419013e+01
1.070668564248658389e-01
3.016242662171433864e+01
2.200058935921646253e+00
1.212262073761145448e-01
8.514293905708850474e+00
1.865186558729688415e-01
1.673560115530883463e+00
3.249434578936679086e-01
1.696291931315941248e+00
2.143931633770994050e-01
3.680679062096763321e+00
4.029541820413365727e+00
1.139924533860858444e-02
9.532487676038035929e+00
7.469049795491527859e-04
5.264424270331114262e-05
1.126179124914514391e-02
1.935236180808600414e-03
1.570628934812772215e+00
1.537868948341401896e-03
3.212737055472402321e-05
1.130343482256668209e-03
9.112401604958568220e-06
8.909856723226492218e-05
2.575362592284417126e-07
1.705241252471275557e-07
7.916579172427189528e-05
1.583163080999678543e-04
3.810169050027136103e-05
6.953751484671702478e-08
7.838354605512047897e-07
1.571728435047252679e-08
3.157208621512852469e-07
3.971530694336761418e-06
1.648089850114279239e-05
9.957407727605790683e-06
3.613053036802293592e-06
2.538283269852205025e-07
2.049081642709782908e-07
1.619869372338752838e-06
9.348121776758473494e-05
2.150393233789231527e-04
4.084019201677417210e-04
9.279439685164416564e-08
3.465708982421618156e-06
5.582071326702513892e-05
7.664344090854911299e-06
6.821986717550478308e-06
1.037355530293472875e-05
3.787119173303832038e-04
1.200049173208288545e-07
2.823937869258735626e-04
4.511098200675731003e-05
3.600284959450530722e-06
2.750912002921913536e-06
3.857246346183311882e-04
1.431289337827738573e-07
2.629856482734893911e-04
1.122596407515403377e-05
2.329716110583097828e-08
4.224540523167923110e-06
7.398061010153453917e-05
4.352150977522950427e-08
1.208509786491677722e-06
4.684354617259515232e-07
3.008712221020823521e-07
2.242312058374701307e-05
7.976927744424694137e-07
1.080882435275389780e-07
7.253745675197721195e-08
1.240955665001972298e-05
1.280780135690550729e-06
8.381331943727496538e-07
6.854304931608313605e-06
1.776313285416962972e-04
5.694820935783989293e-05
1.638703221816161575e-06
2.678008375312582179e-04
7.020088570072954024e-05
1.940737064668125370e-05
8.254688427191110942e-08
6.706463462302410978e-06
3.621716506215674172e-04
3.863042732982706774e-03
2.122572246742117675e-07
4.603116879837635066e-06
5.562380081755214230e-08
1.025561874913415800e-05
1.265996499132685697e-05
3.016464398138927959e-05
9.155472604456433856e-06
4.716407280741363474e-06
3.773369382870214641e-05
9.156360450857758515e-06
7.059278881755709511e-06
3.322927294450555137e-06
7.571282620335846969e-07
6.463709404873226240e-07
6.028661942729135904e-05
3.484376533143300128e-06
5.201311872194274624e-08
3.883845885151058891e-08
4.629969340957708907e-07
1.071743469357590282e-07
9.581787566764904949e-07
1.976785414247966667e-07
9.643811802959160979e-08
1.508664391649797307e-07
8.301561369436856106e-05
2.168993817764907410e-06
3.038785487517205308e-07
5.676350140999734308e-07
7.580133490011179440e-05
6.441640558364536969e-06
3.313687370161927564e-06
4.561739204471308192e-07
1.839569311693254423e-04
1.350328745816787429e-05
9.733059735601952628e-05
2.022516241336142965e-05
1.928824663528251949e-06
6.237329458828001077e-07
5.724494447567731318e-07
5.048825082965769159e-06
5.788434312760293025e-08
8.653954568828588022e-08
1.582680498043000442e-05
1.029377914423674351e-01
3.056132244080302096e-02
6.287673016033522300e-03
1.108572528344858310e-01
5.380393817720804071e-03
9.874826408749538570e-05
3.611809884912441093e-02
8.492763011950335214e-03
3.509862242248796204e-05
4.042695682335707805e-04
9.413525079449089339e-02
1.581121135840262565e-02
1.075336253448741587e-05
5.266126952234624534e-06
1.402815676447598042e-04
1.626600980963504442e-05
1.106030041131097667e-04
4.668175845677550279e-05
1.344118199293623320e-05
1.690415750406017818e-05
1.919971405516517765e-02
8.027104295824793881e-05
1.833968243757337071e-03
1.797474050643842886e-02
2.583587757385966317e-05
1.230850854368060587e-04
8.713934341485810823e-05
2.068865992568770149e-04
1.263300624600061650e-01
5.169878832725163277e-04
4.887306523698358232e-03
1.783176402602792282e-03
6.485653399484456226e-05
3.104180776302198743e-04
1.005265985439410064e-04
4.861252667097137610e-06
1.900871591764304776e-06
3.791924313834647272e-05
1.796651176189589875e-05
6.967906495520031151e-05
9.135704484647868954e-05
3.418048856252840686e-05
