157
154
37
52
155
118
31
160
97
169
117
158
56
100
167
166
115
51
10
112
174
96
156
120
73
162
35
164
14
44
283
9
83
45
144
86
26
286
57
111
141
289
159
84
163
143
293
77
74
60
119
3
32
33
94
2
290
95
24
114
284
165
98
138
311
70
34
161
137
36
287
134
67
172
42
88
54
43
103
285
104
142
139
17
68
53
149
99
20
294
46
75
80
55
65
177
40
125
306
64
168
303
82
22
147
38
72
25
78
239
66
85
145
124
175
11
116
30
79
106
48
47
130
61
313
113
89
91
39
126
12
136
135
18
146
173
6
102
148
76
129
13
211
29
121
292
16
27
314
23
152
238
170
108
59
150
179
123
110
49
1
92
87
81
304
299
4
208
288
93
153
207
305
230
309
28
213
0
131
308
198
5
105
312
90
69
50
300
132
233
71
310
307
178
297
274
272
7
196
295
128
316
217
197
291
298
184
186
231
264
21
268
205
183
101
171
63
245
127
19
140
222
275
191
122
324
234
209
244
181
201
254
182
109
133
8
229
243
107
248
15
189
62
226
58
320
282
151
296
317
214
315
301
323
246
41
176
216
188
190
206
235
273
318
322
321
302
249
279
202
210
200
247
250
265
204
192
223
269
203
260
237
251
276
219
241
212
193
220
270
221
180
195
187
255
252
266
232
277
319
240
267
253
227
194
185
261
215
228
258
271
236
224
278
263
199
218
259
256
225
242
257
281
262
280
