3.499077165899585912e-04
6.325898012828849032e-04
9.473626821400617237e-02
1.154212474885872169e-01
5.357839866528722132e-04
3.110276200758280477e-04
2.042753313589662934e-03
1.766169404275290812e-04
5.056973942489379463e-05
4.704699857121567019e-01
1.007524505128188252e+00
3.343188429926117252e-03
2.442182647430864769e-03
1.702995449705669087e-03
5.265408275028343743e-01
4.494605521825553864e-05
1.014951775572996715e-03
1.827783526653571286e-02
2.158193742023825721e-03
7.777416715381560083e-05
1.480945353099127546e-02
1.180038924335182404e-04
6.483079515187824791e-03
9.772457905008961453e-04
6.970288409492637893e-02
6.084224550984626903e-03
3.295597614441804768e-01
1.005956880395912981e-03
3.611851078149138760e-04
1.141800961146464174e-03
3.117725308418411046e-03
7.532350459034714341e+00
1.145444651301120859e-01
1.071586940504872798e-01
4.518821089124398088e-02
5.439616046642770097e-01
4.361008657423239010e-02
1.342908119629086805e+01
6.348946999656938234e-03
2.513609640319748161e-03
8.323972954967933519e-03
2.691137816161102780e-05
2.871516835769610115e-02
2.415309625407952715e-02
4.957133801785051364e-01
4.552949882779781521e-01
1.286084281526434121e-02
2.883025691983532104e-03
2.963325600823069408e-03
6.431355018386782259e-04
2.682299037068994435e-04
1.413921173086521099e+00
1.156636513707285019e+01
1.587581985699597700e-02
2.471849849197476842e-02
9.141478708786440754e-03
3.604704471878624528e+00
3.121462861727272164e-01
3.768068317442776019e-05
8.339347762851138154e-04
1.163515215431065869e-01
2.781496267827353232e-03
4.246761503756452967e-05
9.578061817662813994e-05
7.076885002518839944e-03
9.079846223633454561e-03
4.004307182727459384e-03
3.849750226413065773e-02
1.792076223374817687e-02
2.716606074946942089e-04
5.997903705597942836e-02
2.323434577646932655e-04
6.342536347474201502e-03
6.044962579388543089e-01
1.195905839403875320e-01
1.027945723909786530e-02
1.873352569775024257e-03
1.254572984879214759e-01
5.337108098383583528e-03
2.986928572150936677e-03
9.338267916042785818e-03
5.949063803769508293e-04
6.517538895328653901e-03
4.624568702783699026e-01
1.963996090925677340e-01
3.980688350256418942e-03
3.543763369724146073e-01
5.997266481165919403e-04
2.630423218807386235e-02
2.558300463673713904e-03
2.758522285562974648e-04
2.543859380860605951e-03
6.081783791476718260e-04
4.857350085942215229e-04
1.014597228650199190e-01
7.243774404308356285e-02
8.064344650915785673e-01
4.575847758635967821e+00
6.658416694133960367e-02
1.517352366071226394e-02
2.797187341656637738e+00
1.009184455849947490e-04
1.919457285372503253e-03
2.375837389216974016e-02
2.076283776022003549e-02
2.969642773923844917e-04
2.973612154233004016e-03
4.679991607105483877e-05
8.501710340595898269e-04
5.115508799234720101e-05
7.458621993182380436e-04
2.915128855115769468e-01
9.684541984501139344e-01
2.679086059686702423e-03
6.871939089837375558e-02
1.448232772747807484e+00
3.136571065267322687e-03
3.988885736347838495e+00
8.047250336777061364e+00
1.157137171383128965e-01
6.221331962874584454e-01
1.063371825272366091e-03
6.692777480525751474e-05
7.598535991409588550e-04
3.886629153094844913e-03
7.851439470195106796e-03
2.489817169568717212e-03
7.857808208522340325e-05
1.721858224565129072e-04
1.873280801143889247e-03
2.849721267678026818e-03
3.454439121394315510e-04
2.629951218571028302e-04
5.075150977750575362e-05
3.850003365763877278e-02
2.179958308533166966e-03
2.202466532225580594e-03
4.403383272246616520e-02
6.383688846784835169e-02
1.905121413665295665e-02
7.682495946004600786e-05
2.626325088685344533e-01
1.969744062525883785e-02
1.492757165364779204e-01
3.879772473986667913e-01
3.930349538687846582e-03
2.081551048840462551e-03
6.476295395791629474e-03
1.892114493925102720e-03
1.552367505733972045e-02
8.316112991909466526e-04
3.479940301292841205e-05
9.533001266412592439e-04
4.531995262784511524e-04
1.882943720365914331e+01
1.156440960633965531e+01
7.432465531004822656e-01
1.904106023127928893e+01
3.876883269562174217e+00
2.201525981625584716e-01
5.824138664645996499e+00
4.473298903350032829e-02
5.708380670591505224e-01
1.555889724278936015e-01
5.342536682756745536e-01
6.725056430562742493e-02
1.524664699087751929e+00
1.791559475788692790e+00
6.832067128378443120e-03
4.244959656376924961e+00
8.664339082432890660e-04
9.733003690666124444e-05
3.844060126415577844e-02
2.066508608290591829e-03
8.259740622217505157e-01
3.351964946572560597e-03
2.629632702613170992e-05
8.601369385053563021e-03
1.990258773729915870e-04
7.974382428852594623e-04
2.356128519323327289e-06
6.143561936471379683e-05
5.315961038292039937e-05
1.031209978720298273e-04
1.369705755245926757e-04
8.005662503086414190e-07
1.327355079369156002e-04
2.026425623984479368e-06
2.464239628147157470e-05
4.318187567907376666e-05
2.029157031592461252e-05
6.988225148692505447e-05
7.242092884980583467e-06
3.256873454129218002e-06
8.260407455213789609e-07
2.045321913941919594e-06
1.747761295554477721e-04
1.605636003265901296e-04
3.358098478279813873e-04
2.328586611550616583e-07
1.012346685430035701e-05
5.863329075536669526e-05
1.022496128152416091e-05
5.966742455376984226e-06
7.399767326583826910e-06
1.104834560409540022e-04
2.026129856447946614e-05
4.165667890163205368e-04
4.887760631204198175e-04
6.197384621507619901e-05
1.017975896791526595e-05
1.198593614213920360e-03
3.332563735941428338e-06
3.575122916310041104e-04
3.198221016395453063e-05
5.642831808730537090e-07
2.594496880666734710e-05
1.613263158778161118e-04
1.913956006418594456e-07
3.733443212754577776e-06
2.970413940511738482e-06
2.433269667209094569e-06
7.331830461715043812e-05
6.900246576911144863e-06
3.303696273354544119e-07
1.177518078693177050e-07
3.856287025663272198e-05
8.762519023637250454e-07
5.126181214150351926e-07
5.046450085992578252e-05
3.689479560319398150e-04
1.296005177892885023e-04
1.240859058503783201e-06
2.623381304093688315e-04
6.604627484631039468e-05
2.002658380492499380e-05
4.666458302697210460e-07
5.188058012803986817e-06
9.241770166811916773e-04
4.729600451581772447e-03
1.066640902633868229e-06
3.717016629439713247e-06
8.194802455743959034e-08
4.917319334837220958e-05
6.146464390752848618e-05
8.351443479886143904e-05
2.698161198636348323e-05
8.357349629927521346e-06
4.529353590725569386e-05
1.227845808015757675e-05
8.252945583814502725e-06
4.880559334459745332e-06
1.343477678026331771e-06
9.874175515294827244e-07
5.347065529741346757e-05
1.588855908497844548e-06
1.259835089818357927e-07
7.506805343311337143e-08
5.073614474709414443e-07
1.263310994920420048e-07
5.228803574269492284e-06
6.014020192141734358e-07
5.209547439306775329e-08
2.924493921302192649e-07
1.218269769268909411e-04
8.019338275688590840e-06
1.304126920779545137e-06
1.027540883964114158e-06
1.112332666482306737e-04
6.878594099368375020e-06
2.740412764538894412e-06
4.971226213353385164e-07
1.826627189931858374e-04
1.909944984867366312e-05
1.884627168327415205e-04
7.322662148535717544e-05
4.780814819821720748e-06
1.200214959082155540e-06
3.024805895705599757e-07
1.075233626757872500e-05
3.054463421508977192e-08
6.831726766058846673e-08
3.504649955232529694e-05
4.823543965210780327e-01
6.850041960219867276e-02
2.260495118810005449e-02
3.159357371688697458e-01
4.259175991423443108e-02
4.858277349100339061e-04
2.334958248239501488e-01
8.079795462132373374e-02
1.579522094956521303e-04
1.046964715738279896e-03
1.301004176027621972e-01
1.334615823448406617e-02
1.744473262486158696e-04
3.333153337622789258e-05
1.935306036997201499e-04
1.523790607175875731e-04
5.400520593711626753e-04
2.670173028156089408e-04
2.994794948512373019e-05
1.707181962286109369e-05
6.594486336085329803e-03
5.623675029554022929e-04
4.148591049002823151e-04
7.198387333735070497e-03
2.106021499197229311e-04
3.364622503048266076e-04
3.652109602534608750e-04
2.170462024073456129e-04
6.158557512664955547e-02
2.813491288685827625e-04
2.705264224187231038e-03
9.858534065647966624e-04
3.065002983752919587e-05
1.653114887463743351e-04
3.218946457397054730e-05
1.844790508788130511e-05
1.134927126864646854e-06
3.739113224114735549e-05
1.731214727787744746e-05
1.734252927991913196e-05
2.783794699560436162e-05
6.679892602524028708e-05
